1 161759
2 34034
3 15423
4 8662
5 5220
6 2800
7 1629
8 1424
9 640
10 474
11 308
12 191
13 196
14 105
15 101
16 76
17 48
18 42
19 39
20 47
21 19
22 18
23 21
24 42
25 23
26 29
27 61
28 60
29 15
30 5
31 5
32 12
33 1
34 5
35 11
36 2
37 6
38 1
39 7
40 3
41 10
42 11
44 8
45 18
46 6
47 3
48 18
49 15
50 4
51 4
52 5
54 5
55 16
56 10
57 11
58 3
60 9
61 2
62 4
63 4
65 1
66 3
68 12
69 7
70 3
71 1
72 4
74 2
76 1
78 7
79 1
80 2
94 1
96 4
98 1
99 15
100 4
102 2
104 3
105 4
106 3
107 1
109 12
110 1
112 2
113 1
114 2
115 7
116 1
119 1
124 1
127 5
128 5
129 9
130 4
131 1
136 1
137 4
138 2
139 1
141 3
143 1
146 3
151 1
154 2
157 3
158 5
159 4
163 8
164 3
165 6
166 5
170 2
171 1
176 2
177 1
178 3
179 1
181 1
182 3
183 10
185 5
186 4
187 1
191 3
192 2
193 3
194 5
195 2
197 5
198 9
199 2
202 1
209 1
211 2
213 8
214 2
235 1
236 6
237 13
238 6
239 2
244 1
248 10
249 5
250 1
262 7
263 4
264 4
265 1
266 1
267 1
269 1
272 2
273 1
274 1
275 1
282 1
285 1
286 2
287 8
288 11
289 7
290 3
295 1
303 1
313 1
314 1
322 1
324 1
325 1
326 2
327 4
328 3
332 7
333 6
336 1
346 1
350 2
353 2
355 1
356 1
359 1
360 1
361 1
370 1
388 1
402 1
404 2
405 3
406 4
407 8
408 7
409 4
410 2
411 9
412 3
414 1
415 1
417 2
422 1
423 5
424 2
425 4
426 5
427 1
434 1
435 2
436 2
437 1
439 9
440 6
441 2
442 8
443 1
445 1
448 1
449 1
450 6
451 5
455 1
456 6
457 8
458 2
459 3
460 1
461 1
471 1
472 2
473 2
476 1
477 2
478 6
481 3
482 2
483 2
511 4
512 5
513 1
515 3
516 5
517 5
518 1
521 1
522 7
523 13
524 13
525 7
526 8
527 4
528 3
529 4
530 2
531 6
532 5
533 1
535 1
536 2
537 1
538 1
539 2
541 1
542 3
543 1
544 4
545 2
551 1
573 1
574 1
575 1
577 3
578 3
579 2
580 3
581 1
582 1
583 1
585 1
616 1
618 1
619 3
622 2
627 2
628 1
629 3
630 3
631 2
634 1
642 1
643 4
644 9
645 10
646 6
647 10
648 2
649 2
650 7
651 4
652 6
653 7
654 16
655 9
656 9
658 3
659 3
660 1
662 1
666 1
670 1
672 1
680 1
732 2
733 2
734 5
735 3
736 4
738 4
739 4
740 2
741 4
742 2
743 3
744 1
745 1
746 1
761 1
763 1
764 1
765 6
766 9
767 11
768 2
769 5
770 3
771 1
772 4
773 1
774 5
775 3
776 1
777 5
778 3
779 3
780 3
781 2
782 2
783 1
807 1
818 1
819 8
820 4
821 1
822 7
823 1
824 1
825 6
826 2
827 1
828 2
841 1
842 1
843 2
844 1
847 1
849 1
852 1
854 1
863 2
864 6
865 3
866 7
867 4
868 1
869 6
870 2
871 10
872 7
873 6
874 1
875 5
876 5
877 2
878 1
881 1
884 2
885 1
892 1
894 2
895 1
898 1
899 3
900 2
902 1
905 1
907 1
908 2
910 1
922 1
930 2
931 2
932 3
933 5
934 6
935 5
936 7
937 10
938 7
939 5
940 4
941 7
942 5
943 1
944 2
945 7
946 4
947 1
949 2
950 1
951 4
952 4
953 2
954 3
955 9
956 7
957 10
958 5
959 11
960 6
961 3
962 3
963 10
964 8
965 7
966 9
967 8
968 6
969 1
970 2
971 4
972 3
973 2
974 3
975 3
976 1
977 3
1008 1
1010 1
1012 2
1013 3
1014 1
1015 2
1016 3
1017 5
1018 5
1019 5
1020 6
1022 2
1023 1
1024 4
1025 3
1026 4
1027 3
1028 1
1029 3
1030 5
1031 5
1032 8
1033 6
1034 3
1035 4
1036 3
1037 3
1038 8
1039 4
1040 2
1041 8
1042 2
1043 1
1044 1
1045 5
1046 2
1047 2
1048 4
1052 1
1053 2
1054 1
1055 2
1056 4
1057 3
1058 6
1059 1
1062 1
1065 1
1081 1
1086 2
1088 3
1091 2
1092 4
1093 1
1094 1
1096 4
1098 5
1099 1
1100 2
1101 4
1102 1
1103 2
1104 2
1105 4
1106 5
1107 7
1108 1
1109 2
1110 1
1114 3
1115 3
1116 1
1117 2
1118 5
1119 6
1120 5
1121 3
1122 1
1123 1
1124 5
1125 8
1126 3
1127 12
1128 7
1129 4
1130 7
1131 6
1132 9
1133 4
1134 1
1135 4
1141 1
1143 1
1144 1
1151 1
1158 1
1160 3
1162 6
1163 2
1164 7
1165 5
1166 8
1167 5
1168 2
1169 7
1170 6
1171 2
1172 3
1175 2
1176 5
1177 3
1178 6
1179 6
1180 4
1181 4
1182 4
1183 4
1184 1
1185 4
1186 8
1187 3
1188 1
1189 2
1190 3
1191 6
1192 8
1193 2
1194 2
1195 8
1196 7
1197 11
1198 9
1199 6
1200 6
1201 2
1202 6
1203 10
1204 2
1205 6
1206 8
1207 6
1208 7
1209 13
1210 10
1211 7
1212 3
1213 3
1214 2
1215 2
1217 5
1218 2
1219 7
1220 6
1221 7
1222 5
1223 6
1224 7
1225 7
1226 7
1227 5
1228 10
1229 8
1230 7
1231 10
1232 25
1233 10
1234 24
1235 19
1236 25
1237 28
1238 26
1239 21
1240 11
1241 13
1242 9
1243 9
1244 11
1245 10
1246 12
1247 12
1248 7
1249 4
1250 3
1251 5
1252 1
1253 4
1254 4
1255 5
1256 3
1257 2
1258 2
1259 1
1260 3
1262 1
1263 1
1269 1
1276 1
1278 1
1286 1
1287 4
1289 2
1290 5
1291 5
1292 3
1293 4
1294 3
1295 5
1296 1
1297 6
1298 17
1299 13
1300 4
1301 6
1302 3
1303 2
1304 8
1305 2
1306 7
1307 1
1308 1
1310 5
1311 3
1312 2
1313 5
1314 5
1315 14
1316 13
1317 9
1318 2
1319 5
1320 4
1321 7
1322 6
1323 4
1325 2
1326 2
1327 3
1328 7
1329 3
1330 8
1331 4
1332 4
1333 4
1334 2
1335 3
1336 4
1337 6
1338 6
1339 4
1340 8
1341 9
1342 5
1343 17
1344 9
1345 11
1346 11
1347 12
1348 7
1349 8
1350 13
1351 4
1352 6
1353 3
1355 3
1356 1
1357 1
1360 2
1361 1
1362 1
1363 4
1364 4
1365 3
1366 1
1369 5
1370 4
1371 4
1372 7
1373 6
1374 5
1375 4
1376 2
1377 10
1378 9
1379 5
1380 4
1381 5
1382 10
1383 9
1384 6
1385 9
1386 8
1387 3
1388 5
1389 3
1390 3
1391 4
1392 3
1393 3
1394 1
1395 2
1397 2
1398 1
1400 2
1401 2
1402 2
1403 6
1404 1
1405 3
1406 3
1407 1
1408 3
1410 1
1411 3
1412 1
1413 2
1414 4
1415 5
1416 7
1417 4
1418 2
1419 5
1420 3
1421 3
1422 3
1423 5
1424 1
1426 3
1427 9
1428 14
1429 9
1430 9
1431 8
1432 9
1433 6
1434 5
1435 10
1436 8
1437 24
1438 12
1439 17
1440 13
1441 16
1442 8
1443 8
1444 13
1445 16
1446 17
1447 16
1448 11
1449 13
1450 6
1451 6
1452 6
1453 6
1454 2
1455 4
1456 3
1457 2
1458 5
1459 5
1460 9
1461 2
1462 6
1463 5
1465 1
1466 2
1467 1
1468 2
1470 6
1471 2
1472 3
1473 9
1474 7
1475 14
1476 6
1477 9
1478 14
1479 7
1480 18
1481 19
1482 25
1483 11
1484 8
1485 16
1486 8
1487 5
1488 5
1489 5
1490 4
1492 8
1493 5
1494 5
1495 4
1496 3
1497 1
1498 1
1499 2
1500 2
1501 3
1502 4
1503 9
1504 4
1505 9
1506 1
1507 6
1508 2
1509 2
1510 4
1511 2
1512 3
1521 1
1522 1
1523 1
1524 1
1525 4
1526 1
1527 2
1529 1
1530 1
1531 1
1535 1
1536 1
1542 3
1543 1
1544 1
1545 1
1546 2
1548 2
1549 4
1550 5
1551 1
1552 3
1556 1
1558 1
1560 2
1561 3
1562 6
1563 3
1564 5
1565 4
1566 7
1567 4
1568 3
1569 7
1570 3
1571 3
1572 4
1573 6
1574 6
1575 9
1576 12
1577 14
1578 6
1579 9
1580 8
1581 13
1582 12
1583 6
1584 9
1585 9
1586 7
1587 9
1588 14
1589 11
1590 13
1591 12
1592 11
1593 15
1594 8
1595 8
1596 9
1597 4
1598 2
1599 1
1600 4
1601 5
1602 3
1603 6
1604 3
1605 3
1606 1
1607 3
1608 4
1609 5
1610 10
1611 10
1612 7
1613 2
1614 6
1615 6
1616 5
1617 6
1618 4
1619 9
1620 4
1621 7
1622 4
1623 2
1624 1
1635 1
1636 2
1637 3
1638 2
1639 4
1640 6
1641 2
1642 4
1643 6
1644 5
1645 7
1646 4
1647 3
1648 1
1649 1
1650 1
1651 1
1653 1
1655 2
1656 4
1657 3
1658 2
1659 4
1660 7
1661 8
1662 6
1663 11
1664 10
1665 3
1666 6
1667 4
1668 4
1669 10
1670 2
1671 4
1672 1
1674 2
1676 1
1677 2
1678 6
1679 5
1680 10
1681 7
1682 20
1683 10
1684 13
1685 3
1686 9
1687 15
1688 14
1689 10
1690 7
1691 6
1692 8
1693 5
1694 11
1695 10
1696 21
1697 14
1698 15
1699 17
1700 10
1701 9
1702 8
1703 3
1704 6
1705 2
1706 6
1707 1
1708 2
1709 4
1710 1
1711 2
1712 1
1746 1
1747 1
1748 1
1749 2
1750 1
1752 1
1758 2
1759 1
1760 2
1761 5
1762 2
1763 5
1764 4
1765 1
1767 2
1768 2
1769 4
1770 6
1771 2
1772 9
1773 6
1774 8
1775 2
1776 2
1777 2
1787 2
1788 2
1789 1
1791 2
1792 1
1793 1
1797 1
1799 2
1801 1
1803 1
1806 3
1808 2
1810 5
1811 2
1812 1
1814 1
1815 1
1817 1
1819 1
1820 1
1825 3
1827 1
1828 1
1829 2
1830 1
1831 1
1840 1
1849 2
1850 2
1851 3
1852 1
1853 1
1854 1
1855 1
1857 1
1966 1
1967 2
1968 1
1970 1
1971 1
1974 2
1975 1
1976 1
1979 1
1989 1
1991 2
1992 1
1994 1
1995 2
1996 1
1997 1
1999 4
2000 1
2002 1
2010 1
2026 1
2029 1
2030 1
2031 1
2038 3
2039 2
2040 1
2041 1
2043 1
2044 1
2045 3
2046 1
2047 2
2048 3
2049 1
2050 3
2051 2
2052 3
2053 3
2054 1
2055 4
2056 3
2057 1
2064 1
2066 1
2070 1
2072 1
2073 1
2074 1
2075 1
2076 4
2077 3
2078 1
2079 7
2080 6
2081 4
2082 5
2083 1
2084 2
2085 2
2086 1
2087 1
2089 2
2090 1
2091 1
2093 1
2094 1
2099 1
2101 2
2102 1
2103 2
2104 1
2105 1
2108 1
2109 1
2110 1
2112 1
2113 1
2115 1
2117 1
2118 1
2123 2
2125 1
2126 2
2128 5
2129 6
2130 2
2131 2
2132 3
2133 6
2134 6
2135 3
2137 3
2138 9
2139 2
2141 2
2142 3
2143 1
2144 2
2145 1
2150 2
2151 1
2154 1
2156 2
2157 1
2158 1
2160 1
2164 2
2168 1
2170 2
2171 1
2172 2
2175 1
2177 1
2178 2
2179 4
2180 2
2182 1
2184 1
2186 1
2188 1
2189 1
2190 2
2192 1
2193 2
2196 1
2198 1
2199 3
2200 2
2201 1
2203 1
2204 1
2235 1
2249 1
2257 1
2260 1
2261 2
2263 2
2264 2
2265 2
2266 3
2269 2
2271 2
2273 1
2274 3
2276 1
2277 3
2280 1
2281 4
2282 8
2283 4
2284 6
2285 5
2286 3
2287 3
2290 1
2291 1
2292 1
2294 2
2295 2
2296 1
2297 2
2298 3
2300 2
2301 4
2302 3
2303 3
2304 2
2305 1
2306 1
2307 1
2308 2
2309 1
2327 1
2328 2
2330 1
2331 1
2344 1
2345 3
2346 5
2347 1
2348 1
2349 3
2350 4
2351 8
2352 11
2353 4
2354 6
2355 8
2356 2
2357 1
2362 1
2385 3
2390 1
2395 1
2397 1
2399 1
2400 2
2401 3
2402 6
2403 2
2404 1
2405 3
2406 3
2407 2
2410 3
2411 7
2412 7
2413 1
2414 5
2415 1
2416 2
2417 4
2418 3
2419 2
2421 1
2422 5
2423 6
2424 3
2425 1
2429 1
2430 2
2431 1
2434 1
2435 1
2436 4
2439 3
2442 1
2443 4
2444 3
2445 3
2446 3
2447 4
2448 5
2449 8
2450 1
2451 1
2452 1
2453 3
2454 3
2455 2
2456 1
2461 1
2464 3
2465 1
2466 1
2467 3
2470 2
2471 2
2472 2
2473 3
2474 1
2475 1
2476 1
2478 2
2479 3
2481 1
2484 3
2486 2
2487 2
2490 2
2496 1
2497 1
2498 1
2501 1
2505 2
2507 2
2508 1
2509 4
2510 1
2511 1
2514 1
2518 1
2519 1
2520 1
2521 2
2522 2
2523 2
2525 2
2526 2
2527 1
2528 5
2529 1
2530 2
2531 2
2532 2
2533 1
2534 4
2535 1
2536 4
2537 3
2538 2
2539 3
2540 2
2541 1
2542 1
2543 1
2544 1
2564 1
2567 2
2568 4
2569 3
2570 6
2571 2
2572 4
2573 5
2574 4
2575 3
2576 7
2577 2
2578 5
2579 4
2580 6
2581 1
2583 4
2584 3
2585 3
2587 1
2589 1
2592 1
2596 1
2601 1
2602 1
2603 1
2604 1
2608 1
2609 1
2610 2
2611 5
2612 3
2613 1
2614 2
2615 1
2616 2
2617 2
2620 2
2621 2
2622 1
2623 4
2624 2
2625 5
2626 1
2627 2
2628 3
2629 2
2630 2
2631 1
2632 3
2633 1
2635 4
2636 3
2637 5
2638 3
2639 4
2640 5
2641 3
2642 1
2643 1
2644 3
2645 1
2649 1
2658 1
2659 1
2661 1
2663 2
2666 1
2667 2
2668 1
2669 2
2670 5
2671 7
2672 1
2673 2
2674 2
2675 5
2676 3
2677 1
2678 2
2679 2
2680 2
2681 1
2682 3
2684 2
2685 1
2686 3
2687 5
2688 2
2689 3
2690 2
2691 3
2692 1
2693 3
2694 1
2695 1
2697 1
2698 1
2699 2
2700 1
2701 1
2702 3
2703 2
2706 3
2707 3
2708 2
2709 4
2710 7
2711 1
2712 1
2733 1
2738 1
2740 1
2741 4
2742 5
2743 2
2744 1
2746 3
2747 1
2749 2
2750 1
2751 1
2752 2
2753 1
2754 3
2755 4
2756 1
2757 1
2759 1
2760 2
2761 2
2767 2
2769 2
2770 2
2771 1
2772 3
2774 3
2775 2
2776 2
2777 1
2779 1
2783 1
2784 1
2786 1
2787 3
2788 2
2789 1
2790 1
2791 1
2792 2
2793 1
2794 3
2798 1
2799 1
2800 1
2801 2
2804 3
2805 2
2806 1
2807 1
2808 1
2810 1
2811 2
2813 3
2814 2
2815 1
2816 4
2817 3
2818 3
2819 3
2820 5
2821 5
2822 3
2823 4
2824 5
2825 2
2826 2
2829 1
2830 1
2832 1
2834 1
2837 2
2838 1
2839 1
2840 1
2841 2
2842 6
2843 3
2844 2
2845 8
2846 4
2847 2
2848 3
2849 4
2850 5
2851 1
2852 1
2853 1
2854 1
2855 1
2861 1
2866 2
2869 1
2870 1
2872 1
2873 1
2874 1
2875 1
2876 2
2878 3
2879 1
2880 1
2882 1
2883 2
2885 1
2888 1
2891 1
2892 1
2896 1
2899 1
2900 2
2902 3
2903 1
2904 2
2905 1
2906 2
2908 2
2909 6
2910 2
2911 1
2913 3
2914 2
2915 4
2916 5
2917 6
2918 2
2919 3
2920 5
2921 3
2922 5
2923 4
2924 4
2925 3
2927 1
2928 6
2929 3
2930 5
2931 1
2932 5
2934 1
2939 2
2941 2
2942 2
2944 2
2945 1
2949 1
2951 3
2952 8
2953 8
2954 10
2955 4
2956 5
2957 9
2959 5
2960 5
2961 2
2962 2
2963 2
2965 1
2967 2
2968 1
2969 3
2970 1
2973 1
2974 1
2976 1
2978 1
2980 2
2982 1
3072 2
3075 1
3076 4
3078 1
3079 5
3080 1
3081 2
3083 2
3084 3
3087 3
3088 1
3090 1
3092 1
3093 1
3094 1
3095 2
3096 2
3097 2
3098 7
3099 2
3100 3
3101 4
3102 2
3103 1
3104 2
3106 1
3107 1
3108 1
3109 2
3110 2
3111 1
3112 4
3113 1
3114 1
3116 1
3117 2
3118 1
3119 1
3120 1
3121 1
3122 1
3123 1
3125 3
3126 2
3127 1
3128 1
3129 1
3130 1
3131 5
3132 3
3134 3
3135 4
3136 6
3137 8
3138 5
3139 5
3140 6
3141 3
3142 4
3143 1
3144 2
3145 3
3146 3
3147 6
3148 5
3149 5
3150 9
3151 7
3152 10
3153 9
3154 4
3155 5
3156 5
3157 5
3158 5
3159 2
3160 4
3161 4
3162 2
3163 5
3164 2
3165 3
3166 5
3167 1
3168 1
3171 1
3172 1
3173 1
3174 2
3177 1
3178 1
3181 2
3182 2
3183 5
3184 3
3185 3
3186 9
3187 4
3188 5
3189 4
3190 1
3191 2
3192 1
3193 1
3194 1
3195 1
3199 1
3201 1
3204 1
3205 2
3206 3
3208 1
3210 3
3211 3
3212 2
3215 1
3217 1
3218 1
3219 1
3224 1
3225 1
3226 1
3228 1
3230 1
3232 7
3233 1
3234 2
3235 2
3236 1
3237 1
3239 1
3240 1
3271 1
3273 2
3274 2
3276 1
3277 1
3278 2
3281 1
3282 2
3284 1
3285 1
3286 2
3287 4
3288 1
3289 1
3290 4
3291 3
3292 4
3293 3
3294 10
3295 7
3296 4
3297 1
3298 5
3299 5
3300 3
3301 4
3303 4
3304 3
3305 1
3306 1
3307 2
3308 3
3309 3
3310 2
3311 1
3313 9
3315 3
3316 2
3317 3
3318 1
3319 1
3320 4
3321 8
3322 5
3323 5
3324 5
3325 1
3326 3
3327 3
3328 3
3329 4
3330 7
3331 5
3332 6
3333 4
3334 3
3335 5
3336 4
3337 1
3338 2
3339 3
3340 2
3341 4
3342 1
3343 5
3344 10
3345 3
3346 5
3347 2
3348 2
3349 1
3350 2
3351 1
3353 1
3354 2
3355 1
3357 1
3359 1
3361 1
3362 2
3363 1
3364 1
3365 1
3369 2
3370 1
3372 2
3373 6
3374 3
3375 2
3376 4
3377 3
3378 3
3379 8
3380 5
3381 8
3382 4
3383 1
3384 3
3385 1
3386 1
3387 1
3388 2
3389 2
3390 4
3391 2
3392 2
3393 2
3394 4
3396 3
3397 1
3398 1
3400 1
3401 2
3402 2
3404 1
3405 1
3406 3
3408 3
3410 1
3411 2
3413 3
3416 1
3417 1
3419 1
3421 2
3424 1
3425 1
3427 1
3428 4
3429 2
3430 1
3431 3
3432 2
3434 2
3438 1
3439 1
3440 1
3441 1
3444 1
3445 1
3446 5
3447 3
3448 1
3449 1
3450 2
3451 2
3452 1
3453 1
3454 1
3455 1
3457 2
3465 1
3470 1
3474 1
3479 2
3480 1
3482 2
3483 2
3484 1
3486 1
3487 2
3488 4
3489 4
3490 5
3491 4
3492 1
3493 4
3494 1
3495 2
3496 5
3497 1
3498 4
3499 2
3500 5
3502 1
3503 1
3504 4
3505 3
3506 5
3507 3
3508 1
3509 5
3510 4
3511 2
3512 5
3513 3
3514 7
3515 2
3516 2
3517 4
3518 4
3519 2
3520 2
3521 1
3522 1
3523 4
3524 1
3525 1
3526 2
3527 2
3529 1
3530 3
3531 2
3533 1
3534 1
3535 1
3538 4
3539 4
3540 1
3541 4
3542 1
3543 6
3544 6
3545 7
3546 2
3547 1
3548 3
3549 1
3550 4
3553 1
3558 1
3559 1
3560 1
3561 1
3562 1
3565 1
3631 1
3634 2
3635 1
3637 1
3638 1
3640 1
3642 3
3644 3
3645 2
3647 1
3648 2
3649 1
3650 1
3651 1
3652 1
3654 1
3663 1
3715 1
3719 1
3720 1
3721 1
3729 1
3733 1
3735 1
3739 1
3758 1
3760 1
3765 1
3787 1
3808 1
3855 1
3858 2
3860 2
3861 2
3862 2
3864 1
3865 1
3866 1
3867 1
3888 1
3898 2
3918 2
3920 2
3921 1
3922 2
3923 2
3924 1
3926 1
3927 2
3928 2
3929 1
3957 1
3961 1
3962 1
3964 1
3965 1
3966 2
3967 4
4048 1
4049 1
4050 2
4056 1
4057 2
4058 1
4059 2
4060 1
4061 3
4062 3
4063 2
4064 2
4065 1
4066 3
4067 1
4068 1
4069 2
4070 2
4071 3
4072 3
4073 2
4075 2
4076 5
4077 3
4078 3
4079 5
4080 2
4081 3
4082 2
4084 2
4085 2
4087 5
4088 2
4089 2
4091 1
4093 4
4094 1
4095 2
4096 1
4098 1
4101 1
4194 1
4204 1
4205 3
4206 2
4209 1
4211 1
4217 1
4219 2
4220 1
4223 1
4235 1
4237 1
4239 2
4246 1
4247 2
4248 2
4250 3
4251 2
4260 1
4370 1
4371 2
4372 1
4373 3
4374 1
4384 1
4386 1
4388 1
4390 1
4392 1
4393 1
4428 1
4432 1
4434 3
4435 1
4436 4
4438 1
4441 1
4446 1
4448 2
4449 4
4450 2
4451 2
4453 1
4454 3
4455 5
4456 4
4457 2
4458 1
4460 4
4461 1
4462 2
4463 2
4464 1
4466 1
4468 2
4469 2
4470 2
4471 3
4473 1
4474 1
4475 1
4477 1
4594 1
4595 2
4596 1
4597 2
4598 1
4599 1
4600 1
4601 2
4602 1
4604 1
4605 1
4606 1
4615 1
4618 1
4619 2
4620 1
4623 3
4625 2
4626 1
4628 1
4629 1
4630 1
4632 1
4818 1
4852 1
4854 1
4855 1
4857 2
4859 3
4860 2
4861 2
4862 1
4865 1
4866 1
4904 1
4961 1
4965 1
4966 1
4968 1
5290 1
5294 2
5297 1
6393 1
6395 1
6401 1
6402 1
6408 2
