Sample	0.0	1.0	2.0	3.0	4.0	5.0	6.0	7.0	8.0	9.0	10.0	11.0	12.0	13.0	14.0	15.0	16.0	17.0	18.0	19.0	20.0	21.0	22.0	23.0	24.0	25.0	26.0	27.0	28.0	29.0	30.0	31.0	32.0	33.0	34.0	35.0	36.0	37.0	38.0	39.0	40.0	41.0	42.0	43.0	44.0	45.0	46.0	47.0	48.0	49.0	50.0	51.0	52.0	53.0	54.0	55.0	56.0	57.0	58.0	59.0	60.0	61.0	62.0	63.0	64.0	65.0	66.0	67.0	68.0	69.0	70.0	71.0	72.0	73.0	74.0	75.0	76.0	77.0	78.0	79.0	80.0	81.0	82.0	83.0	84.0	85.0	86.0	87.0	88.0	89.0	90.0	91.0	92.0	93.0	94.0	95.0	96.0	97.0	98.0	99.0	100.0
C001_S1_L001_R1_001	205.0	102.5	0.0	0.0	0.0	0.0	0.0	0.0	0.0	0.0	0.0	0.0	0.0	0.5	1.5	2.5	7.5	12.5	61.5	124.5	705.0	714.0	722.0	982.5	1056.0	3584.5	5823.0	5869.5	7800.0	8306.5	9506.5	8780.5	5663.0	7521.5	9447.5	8466.5	6171.0	5016.0	3849.5	3435.0	2238.5	367.0	898.5	2740.0	3941.0	2943.0	2471.5	3138.0	1885.0	406.0	1174.0	1157.0	280.5	338.5	1133.0	1083.5	259.5	189.0	158.0	143.0	113.5	95.5	99.5	77.5	54.0	46.5	40.0	31.0	21.5	37.5	72.5	622.5	612.0	70.0	636.0	638.0	46.0	61.5	873.0	908.0	877.5	812.5	26.5	5.0	1.5	0.0	1.0	1.5	0.5	0.5	1.0	1.0	1.0	0.5	0.0	0.0	0.0	0.0	0.0	0.0	0.0
C001_S1_L001_R2_001	199.0	99.5	0.5	1.5	1.0	0.0	1.5	1.5	0.0	2.5	4.5	6.0	8.0	7.5	4.5	3.0	8.0	19.5	89.0	168.5	785.0	781.5	806.5	1062.0	1101.0	3654.0	5838.0	5735.5	7674.0	8313.5	9567.0	8729.5	5601.5	7597.0	9501.5	8467.0	6131.0	4987.0	3877.0	3344.5	2109.5	337.5	829.0	2597.5	3860.0	2987.5	2469.5	3060.5	1846.0	417.0	1215.5	1182.0	282.5	370.5	1155.5	1110.5	281.5	186.5	161.5	153.5	132.5	106.5	104.0	91.5	67.0	57.0	41.5	37.5	36.0	45.0	85.5	632.0	639.0	103.0	588.5	597.5	66.5	68.5	827.5	871.0	867.5	819.0	57.5	14.0	5.5	3.5	4.5	3.0	0.5	0.0	2.0	3.0	1.5	1.0	1.0	1.0	0.5	0.0	0.0	0.0	0.0
C002_S2_L001_R1_001	53.0	26.5	0.0	0.0	0.0	0.0	0.0	0.0	0.0	0.0	0.0	0.0	0.0	0.0	1.5	3.0	7.0	15.5	95.5	129.0	800.5	847.0	701.0	1133.0	1068.0	3667.5	5520.5	5356.5	7578.0	7321.5	8503.5	8282.0	5237.5	7382.0	9087.0	7202.0	4929.5	4238.5	3388.5	2891.5	1732.5	257.5	759.0	2462.0	3477.5	2526.0	2017.0	2497.5	1475.0	253.0	879.5	867.5	141.0	188.0	961.5	925.5	121.5	67.5	56.5	44.0	26.0	20.5	24.0	16.5	10.0	6.5	6.0	8.5	7.5	11.5	52.0	589.5	578.0	58.0	538.0	541.5	39.0	48.5	768.5	792.5	794.5	760.0	34.5	7.0	1.0	0.0	0.0	0.0	0.0	0.0	0.0	0.0	0.0	0.0	0.0	0.0	0.0	0.0	0.0	0.0	0.0
C002_S2_L001_R2_001	52.0	26.0	0.5	1.0	0.5	1.0	1.5	1.5	1.5	1.5	2.0	3.0	3.5	2.5	6.0	9.5	13.0	25.5	102.0	129.5	723.0	770.5	667.5	1134.5	1122.5	3678.0	5572.5	5353.0	7501.0	7362.0	8649.5	8386.5	5252.0	7399.5	9103.0	7248.0	4927.0	4081.5	3256.5	2796.5	1659.5	254.5	760.0	2415.5	3424.0	2523.5	2048.5	2570.5	1515.0	259.0	887.5	862.5	138.5	199.5	998.5	957.5	133.0	80.0	67.5	52.5	33.0	22.5	24.5	18.0	10.0	8.0	9.0	12.0	12.5	15.0	61.5	534.0	527.5	85.5	551.5	566.0	67.0	57.0	768.0	801.0	755.5	736.5	66.5	9.0	4.0	3.5	0.5	0.0	0.5	0.5	0.0	0.0	0.5	0.5	0.0	1.0	1.0	0.0	0.0	0.0	0.5
C003_S3_L001_R1_001	62.0	31.0	0.0	0.0	0.0	0.0	0.0	0.0	0.0	0.0	0.0	0.0	0.0	0.0	0.0	2.0	6.5	10.5	63.5	87.0	593.0	634.0	566.5	909.5	837.0	2882.0	4538.0	4674.0	6558.0	5990.5	6698.0	6692.5	4121.0	5306.5	7153.5	6660.0	4544.0	3493.5	2789.0	2420.0	1437.5	197.0	575.5	2106.5	3093.0	2263.0	1842.5	2223.5	1275.5	213.0	717.5	704.0	107.0	140.0	827.0	814.0	118.5	60.0	44.5	40.5	27.5	25.0	29.0	18.5	11.0	12.5	6.5	2.0	3.5	13.0	45.5	515.5	507.5	48.0	468.5	471.5	32.0	36.0	746.5	782.5	727.5	686.5	27.5	6.0	1.5	0.0	0.0	0.0	0.0	0.0	0.0	0.0	0.0	0.0	0.0	0.0	0.0	0.0	0.0	0.0	0.0
C003_S3_L001_R2_001	64.0	32.0	0.0	0.0	0.0	0.0	0.0	0.5	1.5	2.0	1.0	0.5	2.0	3.5	5.0	4.5	4.0	11.5	67.0	88.0	545.5	584.0	583.5	950.5	862.0	2980.0	4561.0	4567.5	6561.5	6025.5	6755.0	6714.0	4096.5	5441.5	7326.5	6668.0	4435.5	3332.0	2688.0	2351.0	1378.5	219.5	597.5	2028.5	3006.5	2272.0	1807.0	2190.5	1307.0	241.5	792.5	768.0	111.5	136.0	831.5	826.0	111.5	55.0	43.0	46.5	39.5	28.0	32.0	22.5	10.5	10.0	5.0	2.5	10.0	25.0	54.5	457.0	465.5	73.0	464.0	503.0	79.0	51.5	684.0	731.5	735.5	704.5	67.5	17.0	4.5	0.5	1.5	1.5	1.0	1.0	1.5	1.5	0.5	0.5	0.5	0.0	0.0	0.0	0.0	0.0	0.0
C004_S4_L001_R1_001	94.0	47.0	0.0	0.0	0.0	0.0	0.0	0.0	0.0	0.0	0.0	0.5	0.5	0.0	1.0	2.5	4.5	12.5	96.5	119.5	765.0	818.5	428.5	1293.5	1575.0	4180.5	6570.5	6682.0	9487.5	8554.0	9203.0	9343.0	6206.5	7741.0	10043.5	9456.5	6571.5	5259.0	4176.5	3598.5	2159.0	313.5	835.0	2959.0	4356.5	3194.5	2537.0	3352.0	2085.5	340.5	1113.0	1080.0	169.0	245.0	1147.5	1100.0	154.0	74.0	60.5	52.0	34.5	30.0	38.5	24.0	11.0	10.5	9.0	5.5	5.5	7.5	55.5	721.0	703.0	71.5	762.5	771.0	56.0	59.5	986.5	1038.5	1082.0	1003.0	24.5	1.5	0.0	0.0	0.0	0.0	0.0	0.0	0.0	0.0	0.0	0.0	0.0	0.0	0.0	0.0	0.0	0.0	0.0
C004_S4_L001_R2_001	95.0	47.5	0.0	0.0	1.0	2.0	1.0	2.0	2.5	2.0	3.5	3.0	5.0	9.5	8.5	10.5	16.0	23.5	101.0	132.0	695.5	724.0	454.5	1382.5	1648.0	4206.5	6492.5	6503.0	9379.0	8560.5	9360.5	9442.5	6223.0	7957.5	10244.5	9496.5	6429.5	5080.0	4141.5	3509.5	2066.5	333.0	866.0	2904.5	4250.5	3178.5	2548.0	3178.0	1944.5	373.5	1230.0	1198.5	198.5	278.0	1190.0	1131.5	176.5	93.0	68.0	56.0	40.5	39.5	48.0	31.5	16.0	15.0	11.0	11.5	17.5	19.5	67.5	730.5	745.5	109.5	656.0	697.5	98.5	85.5	1020.0	1051.5	971.0	946.0	84.0	14.5	5.5	4.5	3.5	3.0	2.0	1.5	0.5	0.5	1.0	1.5	1.0	0.5	0.5	0.0	0.0	0.0	0.0
C005_S5_L001_R1_001	59.0	29.5	0.0	0.0	0.0	0.0	0.0	0.0	0.0	0.0	0.0	0.0	0.0	0.0	0.0	2.0	5.0	11.0	77.0	88.0	532.0	573.5	567.0	957.5	847.5	2836.5	4274.0	4126.5	5749.0	5658.5	6852.0	6633.5	4270.5	5778.0	7067.5	6186.5	4539.0	3665.0	2944.5	2537.0	1486.5	222.0	567.0	1913.0	2914.0	2225.0	1803.5	2256.0	1324.0	233.0	762.5	753.0	140.5	178.5	824.0	783.5	115.0	69.5	53.0	55.0	32.5	24.5	32.5	22.0	17.5	14.0	8.5	6.5	10.5	34.5	319.5	581.0	309.0	43.5	553.5	562.5	41.5	47.5	783.5	826.5	817.5	761.5	29.5	5.0	0.5	0.0	0.0	0.0	0.0	0.0	0.0	0.0	0.0	0.0	0.0	0.0	0.0	0.0	0.0	0.0	0.0
C005_S5_L001_R2_001	59.0	29.5	0.5	0.5	0.0	0.0	0.5	1.0	0.5	1.0	2.5	2.5	1.0	2.0	3.5	4.5	9.5	20.0	77.5	93.0	502.5	549.0	611.0	996.5	891.5	2819.0	4289.0	4182.5	5785.0	5748.5	6903.5	6594.0	4156.0	5577.5	6975.5	6188.5	4480.0	3641.5	2985.5	2590.0	1487.5	220.0	567.5	1926.0	2939.0	2198.5	1761.5	2258.0	1337.0	239.0	764.5	754.0	142.5	180.5	817.5	791.5	134.0	78.5	63.5	55.5	35.5	30.5	36.0	23.5	18.0	20.5	12.5	11.0	12.0	31.5	308.5	559.5	307.5	61.5	554.5	566.0	55.0	56.5	786.0	812.0	768.0	762.5	71.5	7.5	2.5	3.0	2.0	1.5	2.0	1.5	0.5	1.0	1.0	0.5	1.5	1.0	0.5	0.5	0.0	0.0	0.0
C006_S6_L001_R1_001	395.0	197.5	0.0	0.0	0.0	0.0	0.0	0.0	0.0	0.0	0.0	0.0	0.0	0.5	1.0	2.5	3.0	5.0	56.0	72.0	472.0	513.0	301.0	830.5	972.0	2507.0	3999.5	3847.0	5109.5	5105.5	6117.5	5859.5	3786.5	5273.0	6411.5	5618.0	4155.0	3318.5	2636.0	2031.0	1405.5	630.5	758.0	1978.0	2914.5	2270.0	1927.5	2302.5	1445.5	541.5	976.5	980.5	470.5	506.5	1094.0	1058.0	449.5	392.5	328.5	321.0	329.0	303.0	271.5	245.5	219.5	169.5	135.0	118.5	103.5	84.5	80.0	384.5	375.5	60.0	386.0	385.5	37.0	41.5	565.5	840.0	579.5	289.5	14.0	2.5	2.5	0.5	0.0	0.0	0.0	0.0	0.0	0.0	0.0	0.0	0.0	0.0	0.0	0.0	0.0	0.0	0.0
C006_S6_L001_R2_001	396.0	198.0	0.0	0.0	0.0	0.0	0.5	0.5	1.0	1.0	0.0	0.5	1.5	2.5	3.5	4.5	5.0	15.0	77.0	93.5	521.5	556.0	303.0	807.5	957.0	2498.0	4025.0	3932.0	5184.0	5162.0	6074.5	5805.5	3868.5	5296.0	6347.5	5621.5	4166.5	3369.5	2678.5	1996.0	1379.5	638.5	745.0	1912.0	2798.5	2175.5	1866.0	2247.5	1450.5	567.0	965.0	964.5	486.0	511.5	1084.5	1061.5	457.0	388.5	338.5	326.0	322.0	292.5	273.0	251.5	223.0	185.0	141.0	118.0	100.5	89.5	103.5	402.5	396.0	82.0	357.5	353.5	39.5	48.0	570.0	827.0	559.0	289.5	26.5	6.5	4.5	2.0	1.0	0.5	0.0	0.5	0.5	0.5	0.5	0.5	0.5	1.0	1.0	0.0	0.0	0.0	0.0
C007_S7_L001_R1_001	133.0	66.5	0.0	0.0	0.0	0.0	0.0	0.0	0.0	0.0	0.0	0.0	0.0	0.5	0.5	4.0	11.0	20.5	129.0	171.0	898.5	957.0	954.5	1615.5	1500.5	4879.0	7429.5	7327.0	9848.5	9409.0	11233.0	10935.0	6988.0	8649.0	12503.5	11444.0	7038.0	6096.0	4950.0	4246.5	2528.5	379.5	980.5	3417.0	5178.5	3935.0	3140.0	3902.0	2342.0	404.0	1320.0	1291.5	200.5	285.0	1441.0	1380.5	214.0	135.0	86.0	60.0	43.0	42.0	52.5	32.0	17.5	17.5	12.5	10.5	12.0	15.0	82.5	986.5	962.0	91.0	939.0	953.0	68.5	72.5	1295.5	1369.0	1351.0	1271.5	58.0	6.5	2.0	1.5	0.5	0.0	0.0	0.5	0.5	0.0	0.0	0.0	0.0	0.0	0.0	0.0	0.0	0.0	0.0
C007_S7_L001_R2_001	129.0	64.5	0.0	0.5	0.5	0.5	1.0	0.5	1.0	2.0	4.0	4.5	5.0	6.0	6.5	8.5	13.0	25.5	134.0	172.0	847.5	899.5	1012.0	1684.0	1518.0	4937.0	7447.0	7147.0	9744.0	9467.5	11296.0	11005.5	7012.0	8754.0	12529.5	11452.0	7145.0	5960.5	4772.0	4201.0	2484.5	356.5	986.5	3419.0	5155.0	3919.5	3081.0	3850.0	2358.0	420.0	1394.0	1377.0	226.5	288.0	1427.0	1375.0	196.0	123.0	102.5	80.5	52.0	39.5	49.5	36.0	21.0	17.5	16.0	16.5	23.0	25.0	104.0	919.5	917.5	155.5	927.0	948.5	112.0	85.0	1270.5	1351.0	1319.5	1260.5	94.5	16.0	2.5	4.0	5.0	2.5	1.0	0.5	0.5	1.0	1.5	1.0	0.0	2.0	2.0	0.0	0.0	0.0	0.5
C008_S8_L001_R1_001	67.0	33.5	0.0	0.0	0.0	0.0	0.0	0.0	0.0	0.0	0.0	0.0	0.5	0.5	0.0	0.5	4.5	9.0	77.0	108.5	623.5	658.0	88.5	1140.5	1708.0	3481.5	5072.5	5404.5	7709.5	7211.5	8459.0	8201.0	5235.0	6564.0	8798.5	8150.5	5470.0	4430.5	3560.5	2335.5	1675.0	938.5	769.0	2415.5	3551.0	2604.0	2087.0	2773.5	1729.0	279.5	892.0	890.0	166.0	206.5	1049.0	1022.5	144.0	78.0	60.0	48.0	31.0	22.5	28.0	19.5	12.0	8.5	5.0	3.5	2.0	19.0	55.5	618.0	603.5	54.0	524.5	526.5	44.0	45.0	827.5	877.5	855.5	799.5	31.0	3.5	0.5	0.5	0.5	0.0	0.0	0.5	1.5	1.0	0.0	0.0	0.0	0.0	0.0	0.0	0.0	0.0	0.0
C008_S8_L001_R2_001	71.0	35.5	0.0	0.0	0.5	1.5	1.0	1.5	2.5	1.5	1.0	2.5	3.0	3.0	4.0	6.0	9.5	18.0	88.5	119.0	629.0	649.0	96.0	1105.0	1661.5	3435.0	5116.5	5419.5	7596.5	7250.5	8525.5	8168.5	5203.5	6576.0	8816.5	8180.0	5442.0	4368.0	3550.5	2339.5	1742.0	995.5	818.0	2427.0	3527.0	2641.0	2100.0	2655.5	1652.5	316.5	954.5	952.5	172.5	201.5	989.0	969.0	146.0	88.0	71.5	58.5	35.5	26.0	35.5	25.5	14.0	10.0	9.5	9.0	12.5	25.0	58.5	489.5	505.5	95.5	574.5	604.0	84.5	71.0	809.0	845.0	794.5	787.5	92.0	13.0	6.5	3.5	1.5	1.5	1.5	1.0	1.0	1.0	1.5	1.0	0.0	0.0	0.0	0.0	0.0	0.0	0.0
C009_S9_L001_R1_001	812.0	406.0	0.0	0.0	0.0	0.0	0.0	0.0	0.0	0.5	1.5	1.0	0.5	8.0	21.5	38.0	72.5	155.0	989.0	1262.5	8634.5	9154.0	8925.5	14712.0	13072.0	47219.0	72384.0	69596.5	94063.5	89884.0	108347.5	106910.0	67999.0	89828.5	112292.0	100444.0	73389.0	57325.0	45397.0	40591.5	23972.5	3439.0	8999.0	32158.0	48317.0	40500.0	27549.0	30826.5	21990.5	8352.5	11807.0	6515.5	1538.5	2457.0	12857.5	12368.5	1485.5	694.0	602.0	515.0	334.0	311.0	426.0	265.0	108.5	82.0	66.5	58.0	76.0	226.5	4225.0	7986.5	4178.5	563.0	7016.5	7099.0	529.0	697.5	11382.5	11792.0	11077.5	10459.0	401.0	42.5	13.5	4.5	0.0	1.0	1.5	1.0	0.5	0.5	0.5	0.0	0.0	0.0	0.0	0.0	0.0	0.0	0.0
C009_S9_L001_R2_001	838.0	419.0	1.0	3.0	2.5	4.5	8.0	11.0	16.0	24.0	31.5	39.0	48.0	53.5	71.0	102.5	154.0	253.0	1121.5	1495.5	8085.5	8551.5	9408.5	15555.5	13514.5	47157.5	72403.0	67773.0	91958.5	90286.0	109795.5	107277.0	67743.5	91188.0	113856.0	100694.5	72504.0	55975.0	44976.5	40112.0	23281.0	3559.5	9412.0	31911.0	47965.5	40463.0	27204.0	30609.5	22058.0	8730.0	12155.0	6753.0	1735.0	2585.0	12824.5	12352.5	1603.5	811.5	708.5	608.5	392.5	340.5	467.5	315.0	164.5	127.5	100.5	111.0	137.0	288.0	3742.5	6942.5	3834.5	848.5	7374.5	7691.0	961.0	792.5	10568.5	11122.0	11174.5	10853.0	943.0	180.5	61.5	32.0	25.5	16.5	10.5	7.0	9.0	9.5	7.0	10.0	11.5	10.5	11.5	7.5	1.5	0.5	1.5
C010_S10_L001_R1_001	104.0	52.0	0.0	0.0	0.0	0.0	0.0	0.0	0.0	0.0	0.0	0.0	0.0	0.5	0.5	1.0	5.0	13.0	61.0	74.5	641.0	691.5	376.0	1162.0	1314.5	3623.5	5789.0	5676.5	7346.5	6977.5	8476.0	8228.0	5293.5	6605.5	8585.0	8043.5	5617.0	4394.0	3597.0	2865.5	1734.0	593.5	767.5	2572.5	3690.0	3040.0	2044.5	2390.0	1794.0	636.0	869.0	472.0	118.0	194.0	1074.5	1020.0	94.5	36.5	45.0	48.0	31.5	24.5	36.0	19.0	4.5	5.0	3.5	2.5	3.5	20.5	276.0	519.0	278.0	38.5	513.0	517.5	32.0	52.0	814.0	841.0	813.0	764.5	28.0	3.5	1.0	0.5	0.0	0.0	0.0	0.0	0.5	0.5	0.0	0.0	0.0	0.0	0.0	0.0	0.0	0.0	0.0
C010_S10_L001_R2_001	104.0	52.0	0.5	0.5	0.5	1.0	0.5	0.0	2.5	5.5	5.5	5.5	7.0	7.0	6.5	8.5	14.0	23.5	68.5	106.0	633.0	654.0	420.0	1247.0	1382.0	3625.5	5713.5	5513.5	7249.0	7002.0	8464.0	8154.5	5196.5	6661.0	8623.0	8054.0	5656.0	4292.5	3517.0	2826.5	1720.5	602.5	755.5	2549.0	3763.0	3105.5	2049.5	2408.0	1789.0	681.0	948.5	512.5	132.5	211.5	1032.0	996.0	119.5	43.0	55.5	60.0	40.0	23.5	32.5	25.5	13.0	9.5	7.5	6.5	7.5	25.5	265.5	492.5	275.5	51.0	503.5	527.5	59.5	50.5	777.0	817.5	803.5	782.0	62.0	5.0	2.5	1.0	1.0	1.5	0.5	0.0	1.0	1.5	1.5	1.0	0.0	0.5	0.5	0.5	0.5	0.0	0.0
C011_S11_L001_R1_001	59.0	29.5	0.0	0.0	0.0	0.0	0.0	0.0	0.0	0.0	0.0	0.0	0.0	0.0	0.0	2.5	6.0	10.5	63.0	86.5	557.5	690.5	451.5	982.0	1096.0	2810.5	4502.5	4568.0	5888.5	5418.0	6562.0	6438.0	4126.5	5481.5	6924.5	6249.0	4341.0	3321.5	2628.0	2018.5	1328.0	488.0	559.5	1969.0	3005.0	2242.0	1797.0	2231.0	1333.0	240.5	746.5	726.0	119.5	168.0	891.0	874.5	113.5	42.0	34.0	32.0	20.5	15.5	22.0	15.0	9.0	9.0	4.5	0.5	3.5	14.5	247.5	432.5	210.0	31.5	424.0	435.0	33.5	38.5	611.5	640.5	685.5	641.5	19.0	1.0	1.0	1.0	0.5	0.0	0.0	0.0	0.0	0.0	0.0	0.0	0.0	0.0	0.0	0.0	0.0	0.0	0.0
C011_S11_L001_R2_001	60.0	30.0	0.0	0.0	0.0	0.0	0.0	0.0	0.0	0.5	1.5	2.0	3.0	3.5	3.0	3.5	5.5	18.0	76.5	108.0	561.0	666.5	451.0	984.5	1088.0	2726.0	4463.0	4638.5	5935.0	5467.0	6617.5	6498.0	4170.5	5530.0	6937.5	6226.0	4283.5	3321.5	2684.0	2018.5	1319.5	476.0	570.0	1950.0	2916.0	2192.5	1768.0	2187.0	1323.5	254.5	772.0	742.0	133.5	171.5	857.0	827.0	96.0	44.5	40.5	34.5	22.0	20.5	26.5	18.5	12.5	12.0	7.5	5.0	7.5	19.0	230.0	426.0	239.0	52.0	394.0	406.0	49.5	52.5	646.0	679.0	603.5	578.5	54.0	11.5	3.5	0.0	1.0	1.0	0.5	0.5	0.0	0.0	0.0	0.0	0.0	0.0	0.0	0.0	0.0	0.0	0.0
C012_S12_L001_R1_001	744.0	372.0	0.0	0.0	0.0	0.0	0.0	0.0	0.0	0.0	0.0	0.5	0.5	0.5	1.5	2.0	4.0	8.0	55.0	79.0	606.0	645.0	596.0	1001.5	903.5	3042.5	4742.5	4761.5	6419.5	5998.0	6946.5	6900.0	4553.0	6169.5	7696.0	6963.0	5297.5	4386.0	3660.0	3187.0	2244.0	1165.5	1640.0	3150.5	4192.0	3415.5	2874.5	3383.5	2555.5	1426.0	1967.0	1962.0	1338.0	1286.0	1905.0	1798.5	1000.5	878.0	767.0	697.0	657.0	600.5	523.5	422.5	347.0	301.0	244.5	193.0	145.5	119.0	330.0	560.0	315.5	58.0	473.5	475.0	45.5	52.0	691.0	714.5	707.0	669.5	32.5	7.5	1.5	0.0	0.0	0.0	0.0	0.0	0.0	0.0	0.0	0.0	0.0	0.0	0.0	0.0	0.0	0.0	0.0
C012_S12_L001_R2_001	746.0	373.0	0.0	0.0	0.0	0.0	0.0	0.0	0.5	1.5	2.0	1.0	0.5	3.5	4.5	5.5	7.0	11.5	67.0	93.5	582.0	621.0	614.5	1035.0	918.0	3079.0	4805.0	4653.0	6168.5	5921.0	7131.5	7066.5	4565.0	6267.0	7847.0	6884.0	5093.0	4235.5	3574.0	3181.0	2298.5	1207.5	1641.5	3122.0	4157.5	3365.5	2825.0	3322.5	2541.5	1460.5	1988.5	1981.5	1344.5	1302.5	1957.5	1889.0	1054.0	893.5	795.5	718.5	660.5	603.5	516.0	433.0	351.5	289.0	244.0	179.0	137.0	119.5	305.0	511.0	303.0	87.5	487.0	501.0	73.0	53.5	689.0	720.0	690.5	663.0	48.0	10.5	6.5	4.5	2.5	1.5	2.0	0.5	0.5	1.5	1.5	1.5	1.0	0.0	0.0	0.5	1.0	0.5	0.0
C013_S13_L001_R1_001	4576.0	2288.0	0.0	0.0	0.5	0.5	0.0	0.0	0.0	1.0	1.0	0.5	2.0	2.0	5.0	14.0	25.5	44.0	189.0	377.0	2655.5	2729.5	434.0	3763.0	6157.5	13577.5	21577.5	22048.5	27634.5	25297.5	29787.0	31304.0	21632.5	25916.5	35341.5	34534.5	25515.0	21499.5	18913.5	16533.5	12918.0	9156.0	9913.0	16031.0	20566.5	17658.0	15450.0	17269.0	13771.5	9149.0	10750.5	10514.5	8075.0	7862.0	10270.0	9751.5	6376.5	5645.5	5127.0	4542.0	3982.0	3525.5	3163.5	2679.5	2190.0	1803.5	1432.0	1137.5	896.5	699.5	595.0	1753.0	1659.5	335.0	1581.5	1565.5	190.5	209.0	2480.5	2565.5	2500.5	2358.5	102.5	14.5	8.0	7.0	5.5	3.5	2.5	1.0	0.0	0.0	0.0	0.0	0.0	0.0	0.0	0.0	0.0	0.0	0.0
C013_S13_L001_R2_001	4582.0	2291.0	0.5	1.5	1.0	1.0	3.5	4.0	8.0	10.5	9.5	10.5	14.0	16.0	19.0	34.5	48.0	74.0	229.0	432.0	2548.5	2604.5	503.5	4133.0	6726.5	13597.0	21620.5	21899.0	27030.0	25134.5	30060.0	31684.0	21695.0	26426.0	35810.0	34444.5	25185.5	20878.5	18601.0	16237.0	12586.5	9059.5	9893.5	15965.5	20514.5	17604.0	15155.0	16931.5	13735.0	9243.0	10899.0	10655.0	8161.5	7989.0	10352.5	9773.5	6424.0	5711.0	5145.5	4604.0	4064.0	3545.0	3070.5	2636.0	2270.0	1871.5	1446.5	1136.5	932.0	746.0	638.0	1706.5	1657.0	425.5	1458.5	1493.5	277.0	236.5	2463.0	2561.5	2346.5	2330.5	289.5	62.5	26.5	15.0	11.5	10.0	5.5	2.5	1.5	2.0	2.5	1.5	1.5	1.0	0.0	0.0	0.0	0.5	0.5
C014_S14_L001_R1_001	155.0	77.5	0.0	0.0	0.0	0.0	0.0	0.0	0.0	0.0	0.0	0.0	0.0	0.0	1.0	1.5	5.5	13.5	71.0	97.0	644.5	669.5	747.0	1314.0	1060.5	3688.5	5849.5	5733.5	7350.5	6497.0	7939.5	8095.5	5226.5	6828.0	8992.5	8314.0	5960.0	4644.0	3582.0	3172.0	1853.5	355.5	801.0	2544.5	3891.5	2955.5	2128.0	2766.0	1801.5	313.0	825.0	805.5	145.0	200.0	1033.0	998.0	111.0	39.0	44.5	38.0	24.0	16.0	20.0	13.0	5.5	2.5	2.5	3.5	5.5	25.0	542.0	550.0	36.0	26.0	498.0	509.5	39.5	61.5	870.5	894.0	847.0	803.0	36.0	5.5	2.5	0.5	0.0	0.0	0.0	0.0	0.0	0.0	0.0	0.0	0.0	0.0	0.0	0.0	0.0	0.0	0.0
C014_S14_L001_R2_001	153.0	76.5	0.0	0.5	0.5	1.0	1.5	2.0	3.0	1.5	0.5	1.5	3.0	4.0	5.0	6.5	10.0	21.5	83.5	100.5	634.5	681.0	737.0	1300.5	1111.5	3685.5	5771.0	5443.0	6957.5	6382.0	8007.5	8182.0	5288.5	7066.0	9171.5	8222.5	5875.0	4631.5	3736.0	3259.0	1823.0	331.5	746.0	2549.0	3901.0	2950.0	2114.5	2709.5	1782.0	349.5	862.0	828.5	166.0	228.0	1079.5	1039.0	128.5	52.5	56.5	52.0	32.5	20.0	28.0	21.5	10.0	9.0	11.5	9.5	12.0	31.0	468.0	490.5	59.0	38.5	506.0	530.5	72.0	61.5	814.5	858.5	850.5	838.0	80.5	13.0	3.0	0.5	0.0	0.5	1.0	2.0	1.5	0.5	0.5	0.0	0.5	1.0	0.5	0.0	0.0	0.0	0.0
C016_S15_L001_R1_001	377.0	188.5	0.0	0.0	0.0	0.0	0.0	0.0	0.0	0.0	0.0	0.0	0.0	0.0	2.5	5.5	12.0	22.0	34.5	85.5	1324.5	1404.5	831.0	1723.5	1279.5	4238.5	8373.5	9418.0	9019.5	6679.5	7602.5	6544.5	5080.0	10349.5	10513.5	6607.5	4890.5	2259.5	1659.5	1510.0	360.0	268.5	390.0	4065.5	7718.5	5878.5	3699.5	2058.5	367.5	70.5	51.5	36.5	31.5	95.0	1785.5	1876.5	184.5	19.5	16.5	19.0	14.5	10.5	6.5	4.5	5.0	4.0	3.0	3.5	6.0	9.0	5.5	1.5	2.0	2.5	6.5	10.0	22.0	121.0	2003.0	2085.0	2062.0	1951.0	78.5	4.5	1.0	1.0	0.5	0.0	0.0	0.0	0.0	0.0	0.0	0.0	0.0	0.0	0.0	0.0	0.0	0.0	0.0
C016_S15_L001_R2_001	383.0	192.0	0.5	0.0	0.5	0.5	2.0	3.5	1.5	2.0	3.0	2.0	3.0	5.0	9.5	18.0	23.0	24.5	43.5	103.0	1254.0	1318.0	813.5	1674.5	1229.5	4275.5	8439.0	9473.5	9118.0	6759.5	7837.0	6739.0	5090.0	10455.5	10489.5	6529.5	4841.5	2150.5	1505.5	1373.0	285.0	167.0	291.0	3962.5	7613.5	5832.5	3695.0	2074.0	429.0	131.5	98.0	81.5	73.0	122.5	1790.0	1858.5	184.0	37.5	29.5	30.5	31.0	22.5	10.0	12.5	13.0	9.0	7.0	8.0	9.5	10.5	8.5	4.5	3.5	5.0	6.5	13.0	23.5	132.5	1971.0	2056.0	2027.0	1938.0	129.0	19.0	6.0	2.5	2.0	2.0	1.0	0.0	2.0	2.5	1.0	1.5	1.0	0.5	0.5	0.0	0.0	0.0	0.0
C017_S16_L001_R1_001	60.0	30.0	0.0	0.0	0.0	0.0	0.0	0.0	0.0	0.0	0.0	0.5	0.5	1.5	3.0	4.5	6.5	12.0	83.0	108.0	642.0	679.0	387.5	1064.5	1278.5	3466.5	5107.5	4735.0	6877.5	7098.5	8480.5	8017.5	4944.5	6245.5	8392.5	8013.0	5463.0	4331.5	3325.5	2509.5	1810.5	612.0	704.5	2269.5	3348.5	2474.0	2120.5	2752.0	1584.0	258.5	933.0	921.5	163.5	213.5	929.5	885.5	143.5	92.5	63.5	51.5	32.5	26.5	40.5	29.5	17.5	17.0	8.5	5.0	8.5	22.5	336.5	616.5	311.5	38.5	717.0	729.5	49.5	49.0	742.0	766.0	820.0	785.0	27.0	2.5	1.5	0.5	0.0	0.0	0.0	0.0	0.0	0.0	0.0	0.0	0.0	0.0	0.0	0.0	0.0	0.0	0.0
C017_S16_L001_R2_001	61.0	30.5	0.0	0.5	0.5	0.0	0.0	1.0	3.5	4.5	3.0	3.5	4.0	2.5	3.0	8.0	11.5	17.5	106.0	132.0	581.5	610.0	386.0	1028.0	1259.5	3536.5	5078.5	4619.5	6886.0	7219.5	8663.0	8092.0	4935.5	6367.5	8433.5	7865.0	5293.5	4229.0	3324.5	2528.5	1783.5	587.0	695.0	2232.5	3345.0	2514.5	2107.0	2664.0	1546.5	281.0	972.0	973.0	174.0	220.5	981.5	920.5	131.5	91.5	72.0	58.5	39.0	32.5	42.0	34.5	21.5	14.5	10.5	10.0	17.0	39.5	413.5	728.0	378.5	62.5	560.5	574.5	54.5	60.0	798.0	824.0	715.5	699.0	65.5	13.0	5.0	4.0	3.0	1.5	0.5	0.0	1.0	2.0	1.0	0.5	1.5	1.5	0.5	0.5	0.5	0.5	0.5
C018_S17_L001_R1_001	58.0	29.0	0.0	0.0	0.0	0.0	0.0	0.0	0.5	0.5	0.0	0.0	0.0	0.0	0.5	2.5	5.5	11.5	87.0	116.5	753.0	804.5	785.5	1296.5	1236.0	4169.5	6260.0	6024.5	8429.0	8196.0	9583.0	9331.5	5973.5	7563.0	9575.0	8902.0	6443.0	5239.0	4200.5	3519.5	2045.5	290.0	846.5	2853.0	4115.0	2998.5	2442.0	3134.5	1867.5	302.0	1084.5	1066.0	159.5	228.0	1154.5	1095.0	133.5	74.0	58.0	40.5	31.0	33.5	44.5	26.0	8.0	5.5	4.5	6.0	8.0	42.0	415.0	779.5	427.5	57.5	679.5	688.5	49.0	67.0	996.0	1021.0	1006.0	960.5	42.5	4.5	0.0	0.5	1.0	1.0	0.5	0.0	0.0	0.0	0.0	0.0	0.0	0.0	0.0	0.0	0.0	0.0	0.0
C018_S17_L001_R2_001	59.0	29.5	0.5	0.5	0.0	0.5	1.5	1.5	1.0	0.5	2.0	5.0	5.0	5.0	7.0	10.5	14.5	23.5	113.5	140.5	688.5	722.0	796.0	1306.0	1226.5	4124.5	6166.0	5830.5	8284.5	8288.0	9787.5	9384.0	5984.0	7654.5	9611.0	8865.0	6378.0	5150.0	4137.0	3519.5	2037.0	310.5	869.0	2819.5	4072.5	3029.0	2484.5	3129.5	1875.0	342.0	1085.5	1073.5	186.0	237.5	1187.5	1157.0	170.0	91.0	73.0	45.0	32.5	31.0	43.5	31.5	15.0	11.5	11.5	10.5	10.5	41.5	350.5	661.5	386.5	81.0	727.5	755.0	90.0	85.5	972.0	1021.0	985.5	942.5	76.5	12.0	8.0	4.0	2.0	2.5	1.5	0.5	1.0	2.0	2.0	0.5	0.0	0.0	0.0	0.0	0.0	0.0	0.0
C020_S18_L001_R1_001	109.0	54.5	0.0	0.0	0.0	0.0	0.0	0.0	0.0	0.0	0.0	0.5	0.5	1.0	2.0	4.0	11.0	29.0	176.0	226.0	1440.0	1537.5	1488.0	2615.5	2469.5	8185.5	12432.5	12513.5	18235.0	16326.0	18016.0	18423.5	12587.5	15072.5	19317.5	18954.0	13006.0	10294.5	8418.0	7253.0	4259.5	578.0	1579.0	5729.5	8377.5	6091.0	4926.0	6443.0	3925.5	592.5	2190.5	2186.0	341.0	384.0	2354.5	2334.5	313.0	159.5	113.0	91.5	70.0	59.0	74.5	63.5	40.0	24.0	16.0	13.5	13.5	45.0	103.0	1492.5	1514.0	156.0	1390.0	1403.0	102.5	130.0	2127.0	2233.5	2251.5	2106.5	78.5	8.5	1.5	1.0	1.0	0.5	0.5	0.5	0.0	0.0	0.0	0.0	0.0	0.0	0.0	0.0	0.0	0.0	0.0
C020_S18_L001_R2_001	109.0	54.5	0.0	0.0	0.0	0.0	1.0	2.0	1.5	1.5	2.5	4.0	3.5	6.0	16.0	27.5	30.5	42.5	188.5	257.5	1412.0	1493.5	1587.5	2695.0	2446.0	8270.0	12513.0	12170.0	18054.5	16482.0	18120.5	18445.5	12424.5	15178.0	19545.0	18993.0	12955.5	10084.5	8259.0	7207.0	4205.5	576.5	1635.0	5600.5	8307.0	6271.5	4948.0	6358.0	3942.5	639.5	2221.5	2216.0	357.0	422.5	2355.5	2311.0	310.0	157.0	124.5	105.0	72.0	62.5	80.0	60.5	39.0	33.0	24.0	22.0	29.0	69.5	121.0	1296.0	1372.5	241.0	1452.0	1484.5	160.0	141.5	2141.0	2250.0	2122.0	2053.5	170.5	23.5	6.5	4.0	3.0	2.5	2.0	1.0	0.5	1.5	1.0	0.0	1.5	3.5	3.0	1.0	0.0	0.5	0.5
C021_S19_L001_R1_001	110.0	55.0	0.0	0.0	0.0	0.0	0.0	0.0	0.0	0.0	0.0	0.0	0.5	1.5	1.5	5.0	8.5	21.0	102.5	122.5	773.5	833.5	854.5	1414.0	1265.5	4343.5	6599.5	6290.5	8831.5	8687.5	10294.0	9981.0	6348.5	8094.5	10627.5	9913.0	6733.5	5272.0	4256.0	3708.0	2195.5	298.0	849.0	3023.5	4447.5	3652.0	2665.0	2983.0	1985.0	738.0	1106.0	644.5	178.5	267.0	1250.0	1191.5	163.0	93.5	80.0	64.0	43.5	47.0	59.5	40.5	19.0	15.0	13.5	15.0	14.0	26.5	418.0	726.0	352.5	44.5	698.5	714.0	43.0	60.5	966.0	1005.5	1022.5	962.5	36.5	4.5	1.5	0.5	0.0	0.0	0.0	0.0	0.0	0.0	0.0	0.0	0.0	0.0	0.0	0.0	0.0	0.0	0.0
C021_S19_L001_R2_001	108.0	54.0	0.0	0.0	1.0	1.0	0.5	0.5	1.0	2.5	2.5	2.5	3.0	5.0	7.5	11.5	15.5	26.5	112.5	144.5	773.5	808.5	874.0	1428.0	1242.5	4358.0	6667.0	6257.5	8683.0	8643.5	10436.0	10092.0	6367.0	8100.5	10570.5	9904.5	6672.5	5242.5	4304.0	3681.5	2190.0	323.5	863.5	2864.0	4355.0	3716.0	2645.0	2886.0	1937.5	827.0	1219.0	715.5	193.5	261.5	1253.0	1203.0	173.5	95.5	79.0	68.0	47.5	48.5	55.5	36.5	21.0	20.0	21.5	23.0	22.0	36.0	353.0	683.5	403.5	83.0	642.5	693.0	102.0	63.0	969.5	1031.5	964.5	917.5	70.0	11.5	3.5	3.0	2.5	1.5	2.0	1.0	0.5	0.5	0.0	0.0	0.0	0.5	1.0	0.5	0.0	0.0	0.0
C022_S20_L001_R1_001	77.0	38.5	0.0	0.0	0.0	0.0	0.0	0.0	0.0	0.0	0.0	0.5	0.5	0.5	1.0	1.5	5.0	12.5	60.5	122.0	829.5	843.5	820.5	1220.5	1244.5	4719.0	6953.0	6631.0	9264.0	9384.0	10656.0	9957.0	6294.5	7297.5	10996.0	11279.0	7641.0	5656.0	4057.5	3685.5	2197.5	599.0	858.0	2816.0	4566.0	3301.0	2706.5	3389.5	1977.0	325.5	1087.0	1057.5	156.0	236.0	1358.5	1310.0	138.0	59.5	60.0	43.5	34.0	34.5	30.5	15.0	11.0	10.5	8.0	7.5	9.5	31.0	57.5	663.0	667.5	64.0	623.5	644.0	60.0	59.5	943.0	977.0	1018.5	964.0	30.0	5.0	2.0	0.5	0.0	0.0	0.0	0.5	1.0	0.5	0.0	0.0	0.0	0.0	0.0	0.0	0.0	0.0	0.0
C022_S20_L001_R2_001	79.0	39.5	0.0	0.0	0.0	0.5	0.5	1.5	2.5	2.0	2.5	2.5	3.5	7.0	8.5	9.0	13.0	24.0	79.0	143.5	811.0	822.0	871.0	1301.5	1355.5	4777.0	6985.5	6529.5	9197.5	9537.0	10833.5	10052.5	6233.0	7403.0	11104.5	11145.5	7484.5	5502.0	3971.0	3639.0	2159.5	621.0	857.5	2713.5	4413.5	3259.5	2669.5	3295.5	1960.0	356.0	1119.0	1100.0	198.5	271.5	1388.5	1319.5	143.0	73.5	75.0	56.0	43.5	38.5	29.5	15.0	11.5	13.0	11.5	8.5	11.5	36.5	63.5	595.0	621.0	99.5	630.0	656.5	83.5	69.5	964.0	1009.0	939.5	906.0	73.5	16.0	6.5	4.0	3.0	1.5	1.5	1.0	1.5	2.0	1.0	0.5	1.5	1.0	0.0	0.0	0.0	0.5	0.5
C023_S21_L001_R1_001	71.0	35.5	0.0	0.0	0.0	0.0	0.0	0.0	0.0	0.0	0.0	0.0	0.0	0.0	0.5	4.0	8.0	14.0	73.5	147.5	985.5	998.0	916.5	1275.5	1240.0	4759.0	7191.0	6996.0	9680.5	10200.5	11443.5	10148.0	6444.0	7911.0	11494.5	11242.5	7395.0	5429.0	3830.0	3478.0	2115.0	603.0	884.5	3098.5	5008.0	3634.0	3015.5	3492.0	1900.0	312.5	1127.5	1116.0	198.5	313.5	1442.5	1343.5	206.5	141.5	90.5	68.0	57.0	53.0	51.0	30.5	21.5	18.5	10.0	8.0	11.5	32.0	79.5	776.0	766.5	74.0	690.5	706.0	58.0	72.5	1223.5	1274.0	1188.5	1119.0	46.0	7.0	2.5	1.0	0.0	0.5	0.5	0.0	0.0	0.0	0.0	0.0	0.0	0.0	0.0	0.0	0.0	0.0	0.0
C023_S21_L001_R2_001	73.0	36.5	0.0	0.0	0.0	0.5	0.5	2.0	2.5	2.0	2.5	1.5	1.5	2.0	5.5	10.5	10.5	24.5	96.5	168.5	941.0	946.0	981.0	1359.0	1267.5	4832.5	7298.0	6925.0	9490.0	10147.0	11509.0	10173.0	6355.0	7775.0	11393.0	11286.0	7411.0	5389.5	3897.0	3514.0	2106.0	638.5	919.5	2967.5	5014.0	3809.0	3056.0	3454.0	1863.5	329.5	1187.5	1160.0	213.5	323.5	1362.0	1267.0	212.0	148.0	98.0	72.0	62.5	61.5	55.5	35.0	21.5	17.5	16.0	12.5	16.0	34.5	77.5	679.5	685.5	103.5	722.5	752.0	92.0	86.5	1127.5	1187.5	1221.5	1175.5	95.0	18.5	6.5	2.5	0.5	0.5	2.0	1.5	1.0	2.0	1.0	0.5	1.0	1.0	0.5	0.0	0.0	0.0	0.0
C026_S22_L001_R1_001	70.0	35.0	0.0	0.0	0.0	0.0	0.0	0.0	0.0	0.0	0.0	0.0	0.5	1.5	2.5	3.0	6.5	14.0	101.0	124.0	730.5	774.5	706.0	1210.5	1125.0	3847.5	6151.5	5753.0	7652.5	7232.5	8812.0	9010.5	5583.0	6561.5	8909.0	9145.0	6383.5	4795.5	3702.5	3053.5	1859.0	297.5	730.5	2405.0	3673.0	2774.0	2290.0	2791.5	1548.0	262.5	776.0	750.5	135.5	194.5	1039.0	999.0	118.0	62.0	44.5	39.0	30.5	19.0	22.0	14.5	7.5	5.0	2.0	3.5	4.5	8.0	29.0	417.5	418.5	44.5	434.0	433.5	31.5	45.5	632.5	649.5	673.0	645.0	24.0	1.0	0.0	0.0	0.0	0.0	0.0	0.0	0.0	0.0	0.0	0.0	0.0	0.0	0.0	0.0	0.0	0.0	0.0
C026_S22_L001_R2_001	71.0	35.5	0.0	0.0	0.0	0.5	1.0	1.0	1.5	3.0	4.5	3.0	3.0	6.0	9.0	11.5	13.0	22.5	110.5	141.0	699.5	730.0	782.0	1310.5	1135.5	3784.0	6037.5	5685.5	7633.5	7273.5	8822.0	8798.0	5396.0	6816.0	9246.0	9217.0	6361.5	4725.5	3746.0	3095.5	1813.0	290.0	713.0	2404.0	3651.0	2744.5	2166.0	2575.5	1462.0	280.0	829.5	809.5	167.0	222.0	1044.5	998.5	140.0	76.5	60.5	52.5	42.5	27.5	28.5	21.5	15.5	13.0	9.5	11.5	10.0	18.0	42.0	412.5	423.0	60.0	385.0	409.0	55.5	49.5	644.0	676.0	624.5	603.5	56.5	7.0	2.5	2.0	0.5	2.0	2.5	0.5	0.5	1.5	1.0	0.0	0.5	0.5	0.0	0.0	0.0	0.0	0.0
C027_S23_L001_R1_001	42.0	21.0	0.0	0.0	0.0	0.0	0.0	0.0	0.0	0.0	0.0	0.0	0.0	0.0	1.0	1.5	2.5	8.5	17.0	85.5	596.5	572.0	518.5	659.0	796.0	2654.0	4018.0	4035.5	5320.5	5477.5	5878.0	5456.5	3803.5	4763.0	6205.0	5832.0	4286.5	3238.0	2300.0	2100.0	1245.0	156.5	507.0	2041.5	2612.5	1667.0	1564.5	1991.5	1182.0	180.5	642.5	633.0	102.0	134.0	747.5	733.0	97.5	47.0	43.0	34.0	20.0	15.5	21.5	12.0	4.0	5.0	3.5	4.5	3.0	10.0	30.5	426.5	427.5	39.0	409.0	414.0	32.0	44.0	570.5	588.0	650.0	618.0	20.5	1.0	0.0	0.5	0.5	0.0	0.5	0.5	0.0	0.0	0.0	0.0	0.0	0.0	0.0	0.0	0.0	0.0	0.0
C027_S23_L001_R2_001	41.0	20.5	0.0	0.0	1.0	1.0	0.5	0.5	0.5	1.0	2.0	3.5	2.0	2.0	5.0	7.0	7.5	9.0	17.0	89.0	490.5	466.0	513.5	637.0	779.5	2612.0	3941.0	3910.5	5248.0	5539.0	6005.0	5425.0	3702.0	4896.0	6387.5	5855.0	4233.5	3199.5	2349.5	2191.0	1268.0	169.5	533.0	2017.0	2591.0	1692.0	1564.0	1930.5	1141.5	209.0	690.0	666.0	104.0	141.5	770.0	749.5	92.5	46.0	43.0	37.0	28.5	21.0	23.0	14.0	7.0	6.0	5.5	7.0	6.5	14.0	33.5	394.0	408.5	61.5	408.0	417.5	47.0	47.5	612.5	636.5	572.5	550.0	41.0	6.5	2.0	0.5	0.0	0.0	0.0	0.5	1.0	0.5	0.5	0.5	0.0	0.0	0.0	0.5	0.5	0.0	0.5
C028_S24_L001_R1_001	51.0	25.5	0.0	0.0	0.0	0.0	0.0	0.0	0.0	0.0	0.0	0.0	0.0	0.5	1.5	2.5	2.0	4.0	63.5	83.5	478.5	496.5	274.0	800.0	893.5	2207.0	3468.5	3413.5	4672.0	4471.0	5323.5	5295.0	3397.5	4280.5	5642.0	5583.5	3998.0	2981.0	2289.5	1694.5	1132.0	402.0	486.0	1555.5	2377.0	1862.5	1497.5	1824.0	1075.0	191.5	676.5	665.5	126.5	165.5	687.5	665.5	113.5	54.0	43.0	42.0	41.5	31.5	28.0	25.0	22.5	18.5	7.5	5.5	9.0	10.0	41.5	387.0	364.5	27.5	383.5	392.0	31.5	32.0	551.5	586.0	570.5	532.5	20.0	1.5	0.5	0.5	0.5	0.5	0.0	0.5	0.5	0.0	0.0	0.0	0.0	0.0	0.0	0.0	0.0	0.0	0.0
C028_S24_L001_R2_001	53.0	26.5	0.0	0.0	0.0	0.0	0.0	0.0	0.5	0.5	0.0	1.0	2.5	3.0	5.5	5.5	4.5	10.5	67.0	93.0	485.5	499.5	288.0	795.5	892.0	2235.5	3522.0	3413.0	4682.0	4544.0	5454.5	5378.0	3362.0	4187.5	5593.5	5509.5	3840.0	2971.5	2330.0	1723.5	1186.5	423.5	466.5	1515.5	2312.0	1799.5	1516.0	1820.0	1053.0	201.5	651.0	658.5	140.0	172.5	697.5	657.5	100.0	58.0	48.0	48.5	47.0	37.0	35.5	30.5	21.5	17.5	14.5	11.0	12.5	19.0	45.0	385.5	381.5	55.5	354.5	359.5	39.0	39.0	540.0	574.0	554.0	532.0	45.5	6.5	2.5	1.0	1.5	0.5	0.0	0.0	0.0	1.0	1.0	0.0	0.0	0.0	0.0	0.5	0.5	0.0	0.0
C029_S25_L001_R1_001	98.0	49.0	0.0	0.0	0.0	0.0	0.0	0.0	0.0	0.0	0.5	0.5	0.0	1.5	3.0	4.0	6.5	15.0	91.0	119.0	770.5	815.5	798.5	1319.0	1208.0	4304.5	6533.0	6240.5	8802.0	8649.0	10266.0	9946.0	6299.5	7863.0	10267.5	9705.0	6221.0	5351.0	4730.5	3653.5	2199.5	295.5	870.0	2998.5	4323.0	3176.5	2602.5	3318.0	1981.5	297.5	1150.0	1137.5	173.0	230.5	1208.0	1163.5	141.5	72.5	55.5	51.5	37.0	31.0	39.0	24.0	10.0	9.0	6.5	4.0	7.0	11.5	71.5	788.5	771.0	82.5	749.5	759.5	52.5	33.5	513.5	545.0	578.0	547.0	29.0	2.5	0.5	0.5	0.0	0.0	0.5	0.5	0.0	0.0	0.0	0.0	0.0	0.0	0.0	0.0	0.0	0.0	0.0
C029_S25_L001_R2_001	96.0	48.0	0.0	0.0	0.0	0.0	0.5	3.0	5.0	4.5	4.5	4.0	4.0	7.0	9.0	13.0	16.0	26.5	130.0	165.5	780.5	818.0	849.5	1380.5	1299.0	4297.0	6439.0	6010.0	8630.0	8727.0	10224.5	9852.0	6283.5	8010.5	10498.0	9858.0	6262.5	5172.5	4610.5	3553.5	2085.0	317.0	824.5	2924.0	4353.0	3248.0	2573.0	3240.5	1979.0	349.5	1238.5	1218.0	188.0	238.5	1194.0	1151.0	163.0	92.0	68.0	58.5	41.5	30.0	29.5	20.5	14.5	11.0	11.0	13.5	10.5	17.0	73.5	707.5	726.5	123.0	755.5	778.5	80.5	49.0	561.0	587.0	503.0	482.0	48.0	10.5	3.5	2.0	0.5	0.5	1.5	1.0	0.0	0.0	0.0	0.5	1.0	0.5	0.0	0.0	0.0	0.0	0.0
C030_S26_L001_R1_001	192.0	96.0	0.0	0.0	0.0	0.0	0.0	0.0	0.0	0.0	0.0	0.0	0.5	1.0	1.5	1.5	3.0	8.0	19.5	96.5	760.5	744.5	84.0	707.5	1475.0	3617.0	5462.5	5317.0	7040.5	6912.5	8243.0	8157.5	5142.5	6496.5	8681.5	8190.0	5643.5	4406.0	3469.0	2369.0	1831.0	1005.5	819.0	2460.0	3697.5	2795.5	2220.5	2667.5	1516.0	250.5	870.0	852.0	150.0	210.0	1008.5	951.0	147.0	114.5	72.5	52.0	37.0	33.0	39.0	27.0	16.0	14.0	8.0	5.0	11.0	30.0	61.0	529.5	523.5	57.5	514.5	527.5	47.5	49.0	872.0	905.5	861.5	817.5	32.0	3.0	1.0	1.5	1.0	0.5	0.0	0.0	0.0	0.0	0.0	0.0	0.0	0.0	0.0	0.0	0.0	0.0	0.0
C030_S26_L001_R2_001	188.0	94.5	1.5	1.5	1.5	1.5	0.5	2.0	3.0	2.0	4.0	4.0	1.0	1.5	6.5	10.5	7.0	10.0	26.0	120.0	720.0	689.0	104.0	804.0	1605.0	3606.0	5412.5	5293.5	6951.5	6885.5	8377.5	8164.5	5169.0	6778.0	8821.5	8193.0	5608.0	4368.5	3424.0	2257.5	1726.0	918.5	760.0	2448.0	3688.0	2717.0	2086.0	2537.0	1493.5	286.0	913.5	900.0	171.0	215.5	1015.0	971.5	149.0	106.5	76.0	60.5	45.5	35.0	42.0	33.0	24.0	16.0	7.5	9.0	15.0	39.5	76.0	512.5	518.0	83.5	509.5	519.5	62.0	67.5	827.5	869.5	865.0	829.0	62.0	12.5	4.5	0.5	1.0	1.5	0.5	0.5	0.5	0.0	1.0	1.0	0.0	0.5	0.5	0.0	0.0	0.0	0.0
C031_S27_L001_R1_001	57.0	28.5	0.0	0.0	0.0	0.0	0.0	0.0	0.0	0.0	0.0	0.0	0.5	0.5	1.5	5.0	7.0	10.0	75.5	103.0	723.5	761.5	751.5	1239.0	1186.0	3861.0	5800.0	5507.5	7515.0	7852.5	8617.0	7985.0	5662.5	7243.5	8963.5	8738.5	6044.0	4071.5	3465.5	3175.0	1895.0	225.0	724.5	2625.0	3844.0	2775.0	2268.5	3013.0	1832.5	276.5	1026.5	1025.5	161.5	208.5	1175.0	1136.5	136.5	68.5	49.0	40.5	28.0	24.0	36.0	24.0	9.5	6.5	4.0	5.5	7.0	19.5	356.5	671.0	347.0	41.5	629.5	636.0	40.0	65.5	1002.0	1035.5	943.0	889.5	41.0	4.5	1.5	0.5	0.0	0.5	0.5	0.0	0.0	0.0	0.0	0.0	0.0	0.0	0.0	0.0	0.0	0.0	0.0
C031_S27_L001_R2_001	56.0	28.0	0.0	0.0	0.5	1.0	1.5	2.5	2.0	1.5	2.5	3.5	3.0	3.5	4.5	7.0	15.0	22.5	93.5	125.0	666.5	698.5	739.5	1244.5	1205.0	3811.0	5734.0	5365.5	7408.0	7904.5	8723.0	7997.0	5467.5	7119.5	9103.5	8934.0	6129.5	4043.5	3470.5	3181.5	1888.5	267.5	735.5	2562.0	3843.5	2884.5	2312.5	3004.0	1827.5	300.0	1040.5	1015.0	161.5	210.5	1140.0	1116.5	146.5	68.0	53.0	47.5	34.0	30.0	38.5	25.5	11.5	11.0	8.5	8.0	14.0	29.0	355.0	633.5	335.0	75.0	597.5	619.0	80.5	64.0	906.5	963.5	980.0	941.0	76.5	17.5	4.5	5.5	6.0	3.5	1.5	1.0	1.0	0.5	0.5	0.5	1.0	1.0	0.0	0.0	1.0	1.0	0.0
C032_S28_L001_R1_001	46.0	23.0	0.0	0.0	0.0	0.0	0.0	0.0	0.0	0.0	0.0	0.0	0.0	0.5	0.5	3.0	5.5	8.5	35.5	72.5	619.0	631.5	588.0	1077.0	1209.0	3541.5	5314.5	5145.0	7150.5	7086.5	8286.5	8157.0	5224.0	6277.5	8885.0	8528.5	5979.0	5026.0	4179.0	3772.0	2057.0	286.0	730.5	2128.0	2981.5	2230.0	1707.5	2807.5	2041.5	304.0	877.0	861.5	126.0	155.5	811.0	768.5	70.5	24.5	30.5	29.5	20.5	21.5	25.5	12.5	2.5	3.5	2.5	2.5	3.5	15.0	315.5	545.5	259.0	44.5	548.0	552.5	38.5	32.5	535.5	557.0	571.5	536.5	16.0	2.0	0.0	0.0	0.0	0.0	0.5	0.5	0.0	0.0	0.0	0.0	0.0	0.0	0.0	0.0	0.0	0.0	0.0
C032_S28_L001_R2_001	47.0	23.5	0.0	0.0	0.0	0.5	0.5	0.5	0.5	0.0	0.5	2.0	4.0	3.0	4.5	9.5	9.0	15.5	52.0	98.5	538.5	542.5	619.5	1128.5	1270.0	3592.5	5401.0	5153.0	7034.0	7074.0	8347.0	8144.5	5246.5	6272.0	8744.0	8592.0	6051.0	5024.0	4220.0	3703.5	2014.0	274.5	706.5	2060.0	2966.0	2247.0	1659.5	2727.0	2019.5	345.5	918.0	887.0	130.5	166.0	813.5	776.5	89.5	43.5	43.5	36.0	24.0	23.0	29.5	19.5	7.5	7.0	8.0	6.0	8.5	26.5	311.5	519.0	261.0	60.5	518.0	545.5	65.0	43.0	546.5	565.5	522.5	510.0	44.5	7.0	3.0	2.5	2.0	0.5	0.5	0.5	0.0	1.0	1.0	0.5	0.5	0.0	0.0	0.0	0.0	0.0	0.0
C033_S29_L001_R1_001	120.0	60.0	0.0	0.0	0.0	0.0	0.0	0.0	0.0	0.0	0.0	0.0	0.5	2.0	2.0	5.0	10.0	18.5	158.5	207.5	1313.5	1391.5	1392.0	2286.0	2037.5	6614.5	10208.5	10105.5	13982.5	13608.5	16018.0	15364.0	9307.0	11153.5	16627.0	16581.5	10597.5	8309.5	6614.5	5669.5	3347.5	423.0	1381.5	4557.0	6611.0	4964.0	4127.0	5232.5	3081.5	484.0	1797.0	1795.5	285.5	351.5	1847.5	1771.0	211.0	105.5	71.5	63.0	47.5	47.0	65.0	39.5	15.5	15.5	10.5	7.5	12.5	36.5	97.5	1150.5	1135.0	110.0	1137.5	1137.0	76.0	93.5	1592.5	1666.5	1642.5	1554.0	63.0	4.0	1.0	1.0	0.5	0.5	0.5	0.0	0.0	0.0	0.0	0.0	0.0	0.0	0.0	0.0	0.0	0.0	0.0
C033_S29_L001_R2_001	122.0	61.0	0.0	0.0	1.0	2.0	2.5	3.0	2.5	2.0	2.0	5.5	8.0	8.0	9.5	10.5	24.5	50.5	198.5	236.5	1308.0	1400.5	1399.5	2237.5	2035.0	6744.5	10233.5	9890.0	13873.5	13654.5	16149.5	15537.0	9378.0	11297.5	16669.5	16431.0	10395.0	7981.0	6431.5	5683.5	3376.0	472.0	1383.0	4642.0	6683.5	4849.0	4084.5	5180.0	3024.0	549.5	1877.0	1841.5	291.5	372.0	1878.0	1815.0	242.0	113.5	88.0	84.0	59.5	50.5	72.0	46.5	20.5	18.0	15.0	15.5	19.0	47.0	113.5	1077.5	1105.0	179.0	1092.0	1112.5	122.5	119.0	1569.5	1647.5	1579.5	1510.0	118.5	25.0	7.5	2.0	2.0	2.5	1.5	1.5	3.0	3.0	2.5	3.5	2.5	1.0	0.5	0.5	0.5	0.0	0.0
C034_S30_L001_R1_001	64.0	32.0	0.0	0.0	0.0	0.0	0.0	0.0	0.0	0.0	0.0	0.0	0.0	1.0	2.5	3.5	8.0	20.0	90.0	108.5	642.0	678.5	367.0	1097.5	1315.5	3490.0	5415.5	5312.5	7112.5	6948.5	8286.5	7941.0	5212.5	6656.0	8634.5	8109.0	5597.5	4479.5	3569.0	2623.0	1716.0	605.0	711.0	2449.0	3699.5	2732.0	2121.0	2344.5	1636.0	661.0	916.5	867.5	140.0	195.5	1136.5	1106.5	118.5	45.0	45.5	35.5	22.5	20.0	27.5	17.5	8.0	5.0	3.5	5.5	8.5	27.0	312.5	584.0	309.0	33.0	545.0	556.5	34.0	51.5	906.5	945.5	918.5	868.0	39.0	7.0	3.0	1.0	0.5	0.0	0.0	0.0	0.0	0.0	0.0	0.0	0.0	0.0	0.0	0.0	0.0	0.0	0.0
C034_S30_L001_R2_001	65.0	32.5	0.0	0.0	0.5	1.0	1.0	2.0	3.0	2.5	3.0	3.0	3.5	6.0	6.0	8.0	12.5	19.0	80.5	102.0	598.0	629.5	371.0	1162.5	1376.0	3501.0	5477.5	5294.5	7161.5	7079.5	8305.5	7879.5	5074.0	6710.0	8691.5	8124.5	5609.0	4346.0	3583.5	2734.0	1726.0	581.0	717.5	2412.5	3634.5	2716.5	2083.0	2246.5	1568.0	640.5	965.0	936.5	165.0	208.5	1101.0	1069.5	125.0	59.5	54.5	42.0	29.0	28.0	37.0	24.0	10.0	6.0	5.5	8.0	12.0	31.5	269.5	515.5	307.0	66.0	564.0	576.0	50.0	56.5	878.0	919.5	919.5	886.0	61.0	6.0	3.0	3.0	1.5	2.5	2.0	1.0	1.0	1.0	1.0	0.0	0.0	0.0	0.0	0.0	0.0	0.0	0.0
C035_S31_L001_R1_001	95.0	47.5	0.0	0.0	0.0	0.0	0.0	0.0	0.0	0.0	0.0	0.5	0.5	0.0	1.0	4.0	6.5	11.0	101.0	129.0	775.0	825.0	762.0	1301.0	1260.0	4169.5	6199.0	5936.5	8300.0	7904.0	9365.5	9201.0	5793.0	7441.0	9370.0	9179.5	6810.0	5110.0	3961.0	3356.0	2061.5	286.0	822.0	2937.5	4243.0	3106.0	2536.0	3059.0	1744.5	247.5	1042.0	1042.0	183.0	250.5	1240.5	1201.5	159.0	70.0	50.5	40.5	33.0	29.0	36.0	26.0	16.5	12.0	6.0	8.5	10.5	31.5	65.5	732.5	734.5	73.0	696.0	700.0	49.0	63.0	1013.0	1061.0	1066.5	997.5	34.0	5.5	1.5	1.5	1.0	0.0	0.0	0.0	0.0	0.0	0.0	0.0	0.0	0.0	0.0	0.0	0.0	0.0	0.0
C035_S31_L001_R2_001	97.0	48.5	1.0	1.0	0.0	0.5	0.5	0.5	0.5	0.5	1.0	1.0	1.5	5.0	9.5	13.0	13.0	20.5	115.5	143.0	707.5	751.0	821.5	1365.0	1254.5	4123.0	6161.5	5838.0	8329.0	8070.0	9483.0	9238.5	5783.0	7693.5	9555.5	9074.5	6591.0	4821.5	3821.0	3295.5	1992.0	286.0	866.5	2861.5	4175.5	3163.0	2553.5	3036.5	1738.0	283.0	1107.5	1089.5	188.0	267.5	1279.5	1250.0	198.5	88.5	57.0	48.5	34.5	32.5	43.0	29.5	17.5	15.5	13.0	13.5	14.0	32.5	62.5	646.0	672.0	106.5	682.5	719.0	92.0	66.5	1010.5	1062.0	1020.5	981.0	76.5	14.5	6.0	2.0	0.5	0.5	1.5	1.5	1.5	2.0	1.5	1.0	0.5	0.5	0.0	0.0	0.0	0.0	0.0
C036_S32_L001_R1_001	86.0	43.0	0.0	0.0	0.0	0.0	0.0	0.0	0.0	0.0	0.0	0.0	0.0	0.5	1.0	1.5	6.0	17.0	57.5	73.0	749.5	806.0	825.5	1150.5	1020.0	4099.5	6325.5	5723.5	7945.5	8049.0	9538.5	9244.5	5916.0	8603.5	10123.5	8448.5	6247.0	4959.5	3396.5	2790.0	2003.5	275.0	767.0	2948.0	4452.5	3268.5	2662.0	3101.5	1695.5	284.5	998.5	969.0	171.5	260.5	1210.0	1143.0	145.0	70.5	50.5	43.5	32.5	34.5	52.0	33.0	10.5	6.5	4.0	4.0	2.5	6.0	45.0	649.0	640.0	60.0	618.5	622.0	45.0	70.0	1104.5	1145.0	1031.0	963.5	34.0	5.0	1.5	0.0	0.0	0.5	1.0	0.5	0.0	0.0	0.0	0.0	0.0	0.0	0.0	0.0	0.0	0.0	0.0
C036_S32_L001_R2_001	92.0	46.0	0.0	0.0	0.0	0.0	3.0	4.0	1.5	2.0	3.0	2.5	5.0	7.5	6.5	8.5	8.0	16.0	63.0	87.0	722.0	766.5	866.0	1202.0	1008.0	4104.0	6331.0	5534.0	7771.0	8109.5	9770.0	9420.5	5948.5	8632.5	10126.5	8433.5	6183.5	4804.0	3309.5	2737.0	1936.5	295.5	815.5	2897.5	4375.5	3320.5	2698.0	3054.0	1673.0	295.5	1040.5	1013.5	177.0	267.5	1249.5	1189.0	157.5	79.5	59.0	50.0	38.0	41.5	57.5	36.0	15.5	12.5	9.0	8.5	11.5	16.0	64.0	586.0	588.5	91.0	601.5	630.5	80.5	70.5	979.0	1032.0	1092.5	1063.5	82.5	11.0	6.0	4.0	6.0	3.5	0.5	2.0	3.0	2.5	1.5	1.0	0.5	0.5	2.0	1.5	0.5	0.5	0.0
C037_S33_L001_R1_001	133.0	66.5	0.0	0.0	0.0	0.0	0.0	0.0	0.0	0.0	0.0	0.0	0.0	0.5	1.0	3.5	5.5	10.0	84.5	107.5	727.0	766.5	741.5	1172.5	1061.0	3693.5	5470.5	5321.0	7632.0	7657.0	8957.5	8462.0	5379.0	7357.5	9028.0	7861.5	5596.5	4481.5	3899.5	2981.5	1438.0	228.0	733.0	2903.0	3757.0	2452.0	2336.0	2904.5	1671.5	241.5	987.0	984.5	151.0	200.5	1084.0	1048.5	145.5	76.0	49.0	40.0	25.5	23.5	31.5	20.0	10.0	9.5	10.0	7.0	5.5	10.0	61.0	673.5	651.5	62.5	562.0	562.5	41.5	57.0	972.0	1027.0	992.0	920.5	32.0	3.0	0.5	0.0	0.5	1.0	0.5	0.0	0.0	0.0	0.0	0.0	0.0	0.0	0.0	0.0	0.0	0.0	0.0
C037_S33_L001_R2_001	134.0	67.0	0.0	0.0	0.0	0.5	0.5	0.5	2.0	2.0	2.5	3.0	2.0	2.0	3.5	7.5	10.5	13.5	83.5	116.0	684.5	726.5	732.0	1173.5	1047.5	3597.5	5491.0	5352.5	7577.5	7710.5	9011.5	8359.0	5311.5	7305.5	9063.0	7988.5	5656.5	4513.0	3903.0	3014.0	1459.0	231.5	746.0	2997.5	3789.5	2365.0	2306.5	2834.5	1609.5	272.5	1037.0	1043.0	181.5	206.0	1012.0	993.0	152.0	78.0	57.0	46.5	31.0	29.0	39.0	30.0	18.5	17.5	13.5	7.5	8.0	14.0	69.5	561.0	547.0	85.5	634.5	643.0	63.5	55.5	927.0	989.5	988.0	945.0	66.0	11.0	3.5	0.5	0.5	1.5	2.0	1.0	1.0	1.0	1.0	1.0	1.0	1.0	1.0	1.0	0.5	0.0	0.5
C038_S34_L001_R1_001	131.0	65.5	0.0	0.0	0.0	0.0	0.0	0.0	0.0	0.0	0.0	0.0	0.0	0.5	0.5	3.5	6.0	7.0	46.5	95.5	613.5	612.0	326.0	817.0	1045.0	2852.0	4399.5	4281.5	5764.5	5729.0	6707.5	6443.0	4038.0	4966.5	7244.5	6708.0	4099.5	3506.5	2742.0	2008.5	1398.0	494.0	558.0	1942.5	2848.5	2098.0	1810.5	2171.0	1213.5	197.0	736.0	728.0	128.5	176.5	806.0	762.5	105.5	72.5	58.0	44.5	28.0	25.5	36.5	25.0	15.0	11.0	5.0	4.5	8.0	9.5	45.5	463.0	442.5	40.5	432.5	438.5	33.5	55.5	698.5	716.0	741.5	701.0	27.0	2.5	0.5	0.0	0.0	0.0	0.0	0.0	0.0	0.0	0.0	0.0	0.0	0.0	0.0	0.0	0.0	0.0	0.0
C038_S34_L001_R2_001	131.0	65.5	1.0	1.0	0.5	1.5	2.0	1.5	0.5	2.0	2.5	2.5	3.0	2.0	2.5	4.5	9.0	11.5	45.0	93.0	569.0	573.0	327.0	807.0	1062.0	2865.0	4372.0	4236.5	5751.5	5762.0	6803.0	6487.0	4006.0	5034.0	7300.0	6701.0	4049.0	3353.0	2674.5	1999.5	1331.5	454.0	523.5	1914.5	2931.5	2212.5	1833.0	2166.0	1211.0	210.0	763.5	746.0	137.0	190.0	790.0	744.5	120.5	82.0	65.0	56.0	35.0	28.0	39.0	25.5	13.0	11.5	8.5	7.0	10.5	15.5	48.5	433.0	425.5	60.0	422.5	435.0	51.5	52.0	716.0	743.0	689.5	670.0	56.0	12.0	4.5	1.0	1.0	1.0	0.0	0.0	0.0	0.0	0.0	0.5	0.5	0.0	0.0	0.5	0.5	0.0	0.0
C039_S35_L001_R1_001	82.0	41.0	0.0	0.0	0.0	0.0	0.0	0.0	0.0	0.0	0.0	0.5	0.5	0.5	1.0	2.5	5.5	13.5	83.0	105.0	612.5	642.0	674.0	1215.0	1110.0	3718.0	5713.5	5359.5	7556.5	7154.5	8246.5	8587.5	5845.0	7084.5	9490.5	9031.5	6258.0	5202.0	4098.5	3480.5	2110.0	308.5	777.0	2428.0	3642.5	2772.0	2168.5	2841.5	1723.5	258.5	832.0	814.0	133.5	190.0	997.0	954.5	110.5	45.0	36.5	31.5	18.5	20.5	29.5	15.5	5.0	4.0	2.0	0.5	4.5	18.5	262.5	536.5	301.0	29.5	505.0	518.0	36.0	41.5	705.5	724.0	702.0	671.5	25.5	4.0	2.0	0.5	0.0	0.0	0.0	0.0	0.0	0.0	0.0	0.0	0.0	0.0	0.0	0.0	0.0	0.0	0.0
C039_S35_L001_R2_001	81.0	40.5	0.0	0.5	0.5	0.5	0.5	1.0	2.5	3.5	5.0	4.0	1.0	1.5	4.5	9.5	12.5	20.0	97.0	120.0	568.0	611.0	741.0	1293.0	1188.5	3748.5	5742.5	5316.5	7392.5	7083.5	8395.5	8692.5	5921.0	7246.5	9634.0	9125.5	6207.5	5060.5	3996.5	3363.5	2024.0	329.0	731.0	2334.0	3578.0	2774.5	2122.5	2749.0	1714.5	286.5	853.0	845.0	158.5	203.5	963.5	919.0	113.0	53.5	46.0	33.5	21.5	23.0	32.0	19.5	6.5	6.5	6.0	8.5	11.5	26.0	254.0	492.5	286.5	53.0	496.5	523.5	62.0	51.5	671.0	706.0	713.5	675.0	44.0	6.5	2.5	4.0	3.5	1.5	0.5	0.0	0.5	0.5	0.0	1.0	1.0	0.5	0.5	0.0	0.0	0.0	0.0
C040_S36_L001_R1_001	113.0	56.5	0.0	0.0	0.0	0.0	0.0	0.0	0.0	0.0	0.0	0.0	0.5	0.5	1.5	4.0	7.5	13.0	79.5	113.0	746.5	782.5	799.0	1339.0	1207.0	4328.0	6583.0	6227.0	8612.0	8373.0	9935.0	9670.5	6179.5	8255.0	10305.0	9238.5	6654.0	5322.5	4289.5	3667.5	2145.5	288.5	805.5	2949.5	4452.5	3264.5	2588.0	3227.0	1870.0	298.0	1042.0	1033.0	177.0	238.5	1268.0	1214.0	129.5	60.5	57.5	51.5	27.0	21.0	30.5	18.5	9.0	5.0	2.5	2.5	5.5	24.0	375.5	699.0	371.0	50.5	681.5	701.5	53.0	61.0	894.0	936.5	1015.0	951.5	34.5	4.5	1.5	1.0	0.0	0.0	0.0	0.0	0.0	0.0	0.0	0.0	0.0	0.0	0.0	0.0	0.0	0.0	0.0
C040_S36_L001_R2_001	116.0	58.0	0.0	0.0	0.0	1.0	1.5	0.5	0.0	1.0	2.0	2.0	3.5	3.0	4.5	11.0	14.5	18.5	89.0	119.5	704.5	757.5	865.5	1458.0	1271.5	4308.0	6581.5	6205.0	8573.5	8394.0	9915.0	9627.0	6228.0	8347.0	10324.0	9229.0	6651.0	5269.5	4183.5	3556.0	2125.0	327.5	815.0	2840.5	4326.0	3261.5	2569.5	3208.0	1913.5	340.0	1079.5	1067.5	209.0	254.0	1246.5	1208.5	160.5	81.5	68.5	52.0	34.5	29.5	32.5	24.5	15.0	6.5	5.5	11.0	13.5	31.0	351.5	661.0	377.5	87.0	652.5	684.0	96.0	72.0	954.5	1017.0	897.5	851.0	77.0	14.0	5.5	3.0	2.5	3.0	2.5	1.5	1.5	1.0	0.0	0.0	0.5	1.0	0.5	0.0	0.5	0.5	0.0
C041_S37_L001_R1_001	206.0	103.0	0.0	0.0	0.0	0.0	0.0	0.0	0.0	0.0	0.0	0.5	0.5	1.0	1.0	2.5	11.0	24.5	166.5	211.5	1361.0	1426.5	184.5	2246.0	3305.5	6927.0	11181.0	11293.5	14970.0	14623.0	17150.0	16355.0	10574.5	14378.0	17422.5	15387.0	11084.0	8802.0	6944.5	5189.5	3520.0	1220.5	1501.0	5159.5	7614.5	5642.5	4628.0	5552.5	3142.5	513.0	1840.0	1800.0	315.0	437.5	2215.0	2124.0	281.5	153.0	97.5	81.0	54.5	56.5	78.0	50.0	23.5	20.0	15.5	12.5	16.0	22.0	117.0	1265.0	1225.5	115.0	1072.5	1091.0	92.0	115.5	1855.5	1943.5	1973.5	1874.5	89.0	8.5	2.5	1.5	0.0	0.0	0.0	0.0	0.5	0.5	0.0	0.0	0.0	0.0	0.0	0.0	0.0	0.0	0.0
C041_S37_L001_R2_001	207.0	103.5	0.0	0.0	0.5	1.0	0.5	0.5	2.5	5.0	8.0	7.0	6.5	10.0	12.5	19.0	27.0	44.5	191.0	232.0	1218.5	1270.0	189.5	2347.5	3394.0	6850.0	11225.0	11226.5	14801.0	14783.0	17373.0	16264.0	10455.0	14764.5	17900.5	15566.5	10966.5	8423.5	6721.0	5081.0	3373.5	1187.0	1502.0	5095.0	7568.5	5653.0	4520.0	5341.0	3083.0	579.0	1959.0	1922.0	348.0	472.0	2239.5	2148.0	305.5	166.5	109.0	89.0	69.0	65.5	85.0	58.5	30.5	25.5	20.0	19.5	23.0	23.5	115.0	1057.0	1057.0	170.0	1137.5	1232.5	199.5	140.5	1863.5	1959.0	1878.0	1807.5	152.5	30.5	9.0	5.5	4.0	3.0	2.5	1.5	1.5	0.5	0.5	1.5	3.0	3.0	1.0	0.0	0.0	0.0	0.0
C042_S38_L001_R1_001	84.0	42.0	0.0	0.0	0.0	0.0	0.0	0.0	0.0	0.0	0.0	0.0	0.5	2.0	2.0	2.5	8.0	16.0	57.5	122.5	834.5	841.5	101.5	1081.5	1953.0	4356.5	6536.5	6425.5	8942.5	8959.5	10567.0	10160.0	6300.0	7798.5	10699.5	10330.5	6973.5	5680.0	4497.0	2911.0	2252.5	1193.5	935.0	2915.5	4232.0	3087.5	2622.5	3429.0	2002.0	314.5	1173.5	1152.0	173.0	237.5	1155.0	1097.5	148.0	93.0	71.0	58.0	40.5	34.0	38.5	22.0	14.5	14.5	7.5	4.5	10.0	11.0	63.0	767.5	740.5	58.0	699.0	706.5	47.0	75.0	1132.0	1163.5	1004.5	940.0	32.5	6.0	1.5	0.5	0.0	0.0	0.0	0.0	0.0	0.5	0.5	0.0	0.0	0.0	0.0	0.0	0.0	0.0	0.0
C042_S38_L001_R2_001	88.0	44.0	0.5	0.5	0.0	0.5	2.0	1.5	1.5	2.5	3.5	4.5	5.0	6.0	7.0	9.0	13.5	24.5	84.0	146.5	762.0	764.5	115.0	1098.5	1969.5	4293.0	6517.0	6340.0	8752.0	8938.0	10779.5	10360.0	6401.5	8035.0	10764.5	10236.0	6890.0	5554.0	4480.5	2938.5	2222.5	1192.0	987.5	2919.5	4150.5	3023.0	2554.5	3398.5	2040.0	335.0	1207.0	1192.0	187.0	237.5	1110.5	1062.5	163.0	106.0	82.5	67.5	43.5	33.0	47.5	33.5	19.0	16.0	12.0	10.5	10.5	15.0	68.5	682.5	680.0	105.5	706.0	721.5	80.5	63.0	963.5	1009.0	1065.0	1082.0	125.0	21.5	6.5	3.0	2.5	1.5	1.5	1.0	0.5	1.5	2.0	1.0	1.0	1.5	0.5	0.5	0.5	0.0	0.0
C043_S39_L001_R1_001	82.0	41.0	0.0	0.0	0.0	0.0	0.0	0.0	0.0	0.0	0.0	0.0	0.0	1.5	1.5	0.0	2.5	10.0	20.5	79.5	574.5	567.0	261.5	614.0	1073.0	2788.0	3806.5	4239.5	5804.5	5288.5	6327.5	6096.5	3864.5	4729.0	6582.0	6457.0	3920.0	2761.0	2430.0	2024.0	1369.5	464.5	582.5	1960.0	2930.0	2152.5	1471.0	1521.0	1094.0	458.5	765.0	744.0	143.0	163.0	767.5	751.5	104.5	57.5	54.5	45.0	40.0	39.5	43.0	29.0	17.0	14.0	11.0	9.0	12.5	23.5	43.5	519.5	513.5	46.5	495.5	503.5	38.5	46.5	668.0	682.0	671.5	634.5	17.5	2.0	1.0	0.5	0.5	0.0	0.0	0.0	0.0	0.0	0.0	0.0	0.0	0.0	0.0	0.0	0.0	0.0	0.0
C043_S39_L001_R2_001	82.0	41.0	0.0	0.0	0.0	1.0	1.0	0.5	1.0	0.5	1.0	1.0	1.0	1.5	3.0	3.0	6.0	11.5	20.0	85.0	608.0	596.5	231.0	588.0	1062.5	2771.5	3884.0	4287.0	5763.5	5332.0	6348.0	6125.5	4034.0	4843.0	6467.5	6240.0	3793.0	2729.5	2453.5	2054.0	1373.0	463.0	576.0	1877.5	2797.0	2105.5	1513.5	1554.0	1133.5	520.0	744.0	705.0	148.5	175.0	819.5	805.5	117.5	56.5	58.5	54.0	44.5	44.0	50.5	30.0	17.0	16.0	13.5	12.0	13.0	25.0	43.5	474.5	491.0	70.5	498.0	510.0	50.0	42.5	626.5	666.0	670.0	642.0	51.0	9.5	2.5	3.0	3.0	3.0	2.5	0.5	0.5	1.0	0.5	0.5	0.5	1.0	1.5	1.0	0.5	0.0	0.5
C044_S40_L001_R1_001	38.0	19.0	0.0	0.0	0.0	0.0	0.0	0.0	0.0	0.0	0.0	0.0	0.0	0.0	0.0	2.0	5.0	5.0	48.0	68.0	451.0	481.0	487.5	787.0	660.5	2280.0	3559.0	3505.0	5209.5	4832.0	5178.5	5252.0	3455.5	4500.0	5759.5	5375.0	3678.0	2826.5	2299.5	1931.5	1167.0	168.0	439.0	1552.5	2292.0	1734.0	1454.5	1808.0	1070.5	163.0	625.5	621.0	89.5	115.5	684.5	666.5	85.0	46.5	33.5	26.0	17.5	14.0	21.0	16.0	9.5	6.5	3.0	1.5	3.5	25.0	220.5	399.5	215.5	29.0	377.5	383.0	24.0	29.5	541.0	573.5	555.0	514.5	19.5	2.5	1.0	0.5	0.0	0.0	0.0	0.0	0.5	1.0	0.5	0.0	0.0	0.0	0.0	0.0	0.0	0.0	0.0
C044_S40_L001_R2_001	37.0	18.5	0.0	0.0	0.0	0.0	0.0	0.5	1.0	1.0	1.5	1.5	1.0	1.5	3.0	3.5	4.0	10.0	61.5	85.5	413.5	429.0	445.5	724.0	669.0	2323.5	3497.5	3427.0	5233.0	4915.0	5312.5	5281.0	3390.5	4577.5	5809.5	5309.5	3627.0	2750.0	2298.0	1931.5	1113.0	166.0	434.0	1600.0	2388.5	1720.5	1418.5	1808.0	1065.5	188.0	642.5	632.0	97.0	122.5	691.0	666.0	91.5	56.0	37.0	27.5	16.0	14.0	23.0	18.5	9.0	7.5	8.0	4.5	5.0	25.5	202.5	363.0	201.5	41.5	393.0	402.0	36.5	37.5	520.5	549.5	550.0	523.5	37.0	4.0	1.5	1.5	0.5	2.0	2.0	0.0	0.0	0.0	0.0	0.5	1.0	0.5	0.5	0.5	0.0	0.0	0.0
C045_S41_L001_R1_001	837.0	418.5	0.0	0.0	0.0	0.0	0.0	0.0	0.0	0.0	0.0	0.0	0.0	0.0	0.0	0.5	0.5	4.5	30.0	47.5	176.5	179.5	343.0	499.0	576.5	1891.0	2883.5	2885.0	4278.0	4455.0	4541.5	4280.0	3116.0	3664.0	4913.5	5092.5	3780.0	3326.0	2903.0	2594.0	2024.5	1288.0	1618.0	2504.5	3084.0	2692.5	2585.5	3054.5	2462.0	1717.0	2121.0	2103.5	1654.0	1627.5	1913.0	1784.5	1282.5	1191.5	1144.0	1052.5	929.5	785.5	692.5	626.0	528.5	446.5	347.5	255.0	224.5	180.5	146.5	368.0	335.0	69.0	290.5	289.0	38.0	31.5	330.5	343.5	324.0	299.0	12.5	3.5	2.0	0.5	0.0	0.0	0.5	0.5	0.0	0.0	0.0	0.0	0.0	0.0	0.0	0.0	0.0	0.0	0.0
C045_S41_L001_R2_001	852.0	426.0	0.0	0.0	1.0	1.0	0.5	0.5	0.0	0.0	1.0	2.0	1.0	1.0	3.5	7.5	9.5	10.0	28.0	50.0	186.0	193.0	331.0	504.5	601.0	1897.0	2927.0	2918.0	4219.0	4420.0	4677.5	4405.0	3086.5	3640.5	4909.0	4980.0	3631.5	3274.0	2912.5	2580.5	2008.0	1293.0	1625.0	2520.0	3157.5	2752.5	2588.0	2988.5	2405.0	1701.0	2117.5	2114.0	1591.5	1587.0	1937.0	1816.5	1315.5	1220.5	1143.5	1053.5	937.5	774.0	703.5	651.5	532.0	414.0	337.5	270.5	227.5	197.5	162.5	357.0	339.5	98.5	302.0	281.5	35.0	44.0	318.5	326.0	327.0	314.0	29.5	8.0	2.5	4.0	3.0	0.0	0.5	1.0	1.0	0.5	0.0	0.5	0.5	1.0	1.0	0.0	0.0	0.0	0.0
C046_S42_L001_R1_001	72.0	36.0	0.0	0.0	0.0	0.0	0.0	0.0	0.0	0.0	0.0	0.0	0.0	1.0	1.0	1.5	5.5	12.5	89.5	109.5	683.0	732.0	403.5	1149.5	1398.5	3679.0	5688.0	5586.0	7923.0	7882.0	8942.0	8365.5	5409.5	7192.5	9279.5	8568.0	5748.0	4529.0	3555.0	2938.0	1789.5	247.5	706.0	2644.0	3948.5	3278.0	2402.0	2535.0	1628.5	644.5	971.5	529.5	125.5	209.5	1166.0	1140.5	141.0	74.0	74.0	56.0	35.5	24.5	29.5	19.5	9.5	10.0	10.5	6.5	6.5	32.5	359.5	668.0	356.0	45.5	592.0	597.0	40.5	58.5	1007.0	1039.5	959.5	903.0	27.5	3.5	0.5	0.0	0.0	0.0	0.0	0.0	0.0	0.0	0.0	0.0	0.0	0.0	0.0	0.0	0.0	0.0	0.0
C046_S42_L001_R2_001	73.0	36.5	0.5	1.0	1.0	1.0	0.5	0.5	1.5	2.5	3.0	2.5	3.0	5.5	8.5	14.0	13.5	16.5	105.5	137.0	659.0	678.5	413.5	1178.5	1414.0	3617.5	5683.0	5561.5	7678.0	7740.0	9047.5	8510.5	5452.5	7232.0	9246.0	8594.0	5835.5	4451.5	3518.0	2911.0	1745.0	263.5	723.5	2643.5	3983.5	3370.0	2448.5	2384.0	1489.5	696.5	1086.5	609.0	141.5	226.0	1144.0	1108.5	147.5	85.0	82.0	61.5	35.5	28.5	38.0	24.0	13.0	12.5	10.5	9.5	14.0	32.5	310.5	582.0	333.5	72.5	635.5	645.0	60.5	68.5	920.5	965.0	989.5	959.5	74.0	12.5	6.5	2.5	1.5	1.5	0.5	0.0	0.0	1.0	1.0	0.0	0.0	1.0	1.0	0.0	0.0	0.0	0.5
C047_S43_L001_R1_001	131.0	65.5	0.0	0.0	0.0	0.0	0.0	0.0	0.0	0.0	0.0	0.0	0.0	0.5	1.5	2.0	4.0	13.5	113.0	139.5	747.0	781.0	95.0	1377.0	2037.0	4168.5	6616.0	6538.0	9118.0	8909.0	10366.5	10102.0	6441.0	8256.5	10941.0	10373.5	7160.0	5790.0	4491.0	2811.0	2156.0	1172.0	923.5	3002.5	4321.0	3145.0	2677.5	3462.0	1999.0	264.5	1021.0	1009.0	172.5	243.5	1276.0	1225.5	152.5	83.5	66.5	50.5	32.0	26.0	35.5	24.5	12.5	9.5	6.0	6.5	8.0	20.5	60.0	774.0	763.5	61.0	769.5	780.5	52.5	59.0	918.5	962.5	971.5	917.5	40.0	5.0	1.5	1.0	0.0	0.5	0.5	0.0	0.0	0.0	0.0	0.0	0.0	0.0	0.0	0.0	0.0	0.0	0.0
C047_S43_L001_R2_001	131.0	65.5	0.0	0.0	0.0	0.0	0.0	1.0	1.0	0.5	2.0	2.0	2.5	5.0	6.5	9.5	15.5	25.0	129.0	157.5	709.5	733.5	96.5	1366.0	2037.0	4216.0	6628.5	6486.5	9077.0	8924.0	10558.0	10184.5	6379.5	8358.0	10989.0	10363.5	7051.0	5534.0	4319.0	2769.0	2158.5	1170.5	902.0	2926.0	4341.5	3258.0	2709.0	3223.0	1794.5	309.0	1301.5	1274.5	182.0	252.5	1269.0	1216.5	143.5	82.0	79.5	63.0	35.5	32.0	44.5	25.5	11.0	10.0	7.5	8.5	12.5	25.5	71.0	730.5	746.5	119.0	740.0	756.5	85.5	67.5	927.5	979.5	926.0	884.0	67.0	11.0	4.0	2.0	2.5	3.5	2.5	0.5	0.5	0.5	0.5	1.5	1.0	0.0	0.0	0.0	0.0	0.0	0.5
C048_S44_L001_R1_001	168.0	84.0	0.0	0.0	0.0	0.0	0.0	0.0	0.0	0.0	0.0	0.0	0.0	0.0	1.0	6.0	10.0	12.0	97.5	135.5	902.5	955.5	889.0	1530.5	1476.0	4846.5	7297.5	7088.5	9805.5	9483.0	11255.0	10932.5	6889.5	8689.5	11340.0	10772.0	7418.0	5718.5	4614.0	3932.0	2335.5	346.0	944.0	3450.5	4985.5	3629.5	2955.5	3547.5	2072.0	329.5	1226.0	1222.5	218.0	295.0	1499.0	1454.0	227.5	139.5	97.0	73.0	50.0	47.5	57.0	38.0	26.5	24.5	13.0	8.0	16.5	68.5	893.0	880.5	58.0	40.5	750.5	764.0	58.5	77.0	1189.0	1245.0	1230.5	1164.0	53.0	6.5	2.0	0.0	0.0	0.0	0.0	0.0	0.0	0.0	0.0	0.0	0.0	0.0	0.0	0.0	0.0	0.0	0.0
C048_S44_L001_R2_001	168.0	84.0	0.0	0.0	0.5	0.5	0.0	1.0	3.0	3.5	5.0	4.5	3.5	5.5	8.0	13.5	21.0	33.5	132.0	160.0	859.5	911.5	945.0	1623.0	1449.5	4780.0	7303.0	7006.0	9758.0	9574.0	11335.5	10868.5	6724.0	8744.0	11504.5	10742.0	7328.0	5588.5	4463.0	3875.5	2319.0	350.5	1032.0	3491.0	5028.0	3677.5	2917.5	3547.5	2072.5	343.0	1292.5	1264.0	212.0	307.0	1493.5	1442.5	235.5	148.5	105.5	86.5	62.0	51.0	64.0	45.5	23.5	22.5	18.5	15.5	18.5	67.5	756.0	783.0	108.5	62.5	805.5	834.5	88.5	85.5	1180.0	1244.0	1182.0	1134.5	95.0	19.0	8.0	3.5	1.5	2.0	2.5	2.0	1.0	0.5	0.5	0.5	0.0	0.5	1.0	0.5	0.0	0.0	0.0
C049_S45_L001_R1_001	28.0	14.0	0.0	0.0	0.0	0.0	0.0	0.0	0.0	0.0	0.0	0.0	0.0	0.0	0.0	0.0	0.0	0.0	2.5	3.0	15.5	16.5	12.5	19.5	12.5	49.0	250.5	246.5	520.5	550.0	243.0	240.0	491.5	664.5	483.0	374.0	192.5	244.0	221.0	58.5	25.5	12.5	16.5	23.0	64.5	72.5	84.0	132.0	75.5	7.5	6.0	5.5	1.5	2.0	12.0	11.5	2.0	0.5	0.0	0.0	0.0	0.0	0.0	0.0	0.0	0.0	0.0	0.0	0.0	0.0	0.0	0.5	0.5	0.0	1.5	2.0	0.5	0.0	1.0	1.5	2.5	2.0	0.0	0.0	0.0	0.0	0.0	0.0	0.0	0.0	0.0	0.0	0.0	0.0	0.0	0.0	0.0	0.0	0.0	0.0	0.0
C049_S45_L001_R2_001	28.0	14.0	0.0	0.0	0.0	0.0	0.0	0.0	0.0	0.5	0.5	0.0	0.0	0.0	0.0	0.0	1.0	1.0	2.0	2.5	10.5	13.0	12.0	17.5	14.5	53.0	249.5	246.5	502.5	532.0	245.5	227.0	491.5	692.5	503.5	380.0	192.0	214.0	191.0	65.0	36.0	12.5	12.0	17.0	62.5	67.5	81.0	154.0	95.0	10.5	7.0	6.0	4.5	3.0	10.0	9.5	2.0	4.0	2.5	1.0	1.0	1.0	1.0	0.0	0.0	0.0	0.5	0.5	0.0	0.0	1.0	3.5	3.0	0.5	0.0	0.0	0.0	0.0	2.0	2.0	1.5	1.5	0.0	0.0	0.0	0.5	0.5	0.0	0.0	0.0	0.0	0.0	0.0	0.0	0.0	0.0	0.0	0.0	0.0	0.0	0.0
C050_S46_L001_R1_001	109.0	54.5	0.0	0.0	0.0	0.0	0.0	0.0	0.0	0.0	0.0	0.0	0.5	2.0	2.0	1.5	3.5	8.0	71.5	95.0	624.0	663.0	621.0	1047.0	1026.5	3582.0	4826.5	4392.5	6816.5	6710.5	7886.5	7656.5	4877.0	6723.0	7981.5	6872.5	5082.0	4019.0	3175.0	2754.5	1722.0	277.5	734.5	2336.0	3263.0	2406.5	1956.0	2547.5	1601.5	276.0	1003.0	1000.5	189.5	224.0	980.0	949.5	147.0	88.0	81.5	69.5	47.5	42.0	52.0	44.5	27.5	18.5	17.0	15.0	12.5	16.0	53.5	674.0	664.5	68.5	635.0	636.0	41.5	41.5	751.5	795.5	806.5	750.5	25.0	2.0	0.0	0.0	0.0	0.0	0.5	0.5	0.0	0.0	0.0	0.5	0.5	0.0	0.0	0.0	0.0	0.0	0.0
C050_S46_L001_R2_001	112.0	56.0	0.0	0.0	0.5	0.5	0.5	1.0	1.0	0.5	2.0	2.5	1.0	3.5	8.0	9.0	9.5	17.5	81.5	116.5	613.0	635.5	613.0	1036.5	1015.5	3556.0	4897.0	4375.0	6764.5	6809.5	7965.0	7657.5	4793.0	6715.0	8130.0	6960.0	4959.5	3835.0	3122.5	2722.5	1673.0	277.0	740.0	2298.0	3206.5	2403.5	2001.5	2593.5	1627.5	308.5	1025.0	1017.0	186.0	219.0	966.5	948.5	167.0	104.0	88.5	71.0	57.5	53.0	57.0	39.0	29.0	25.0	19.5	19.5	18.0	23.5	74.5	608.0	601.0	91.5	636.0	658.5	72.0	53.0	768.5	810.0	756.5	724.5	59.0	9.0	2.0	2.0	2.5	2.0	0.5	0.5	0.5	0.0	0.5	0.5	0.0	0.0	0.5	0.5	1.0	1.0	0.0
C051_S47_L001_R1_001	78.0	39.0	0.0	0.0	0.0	0.0	0.0	0.0	0.0	0.0	0.0	0.0	0.0	0.5	2.5	2.5	5.5	13.0	79.5	101.5	629.5	666.5	408.5	1153.5	1348.0	3529.0	5472.5	5363.0	7981.5	8074.5	8729.5	8248.0	5323.5	6464.5	8816.0	9001.5	6211.5	4763.0	3790.0	2808.5	1951.5	657.5	760.5	2504.0	3595.0	2630.0	2235.5	2968.5	1795.0	291.0	1087.0	1062.5	142.0	179.5	1039.0	1013.0	131.5	72.0	57.0	52.0	36.5	20.5	25.0	19.0	10.5	6.5	6.5	6.5	7.0	18.5	50.0	671.5	661.5	64.0	692.5	695.0	49.0	61.0	852.5	874.5	863.0	819.0	33.5	4.0	0.5	0.5	0.0	0.5	0.5	0.5	0.5	0.0	0.0	0.0	0.0	0.0	0.0	0.0	0.0	0.0	0.0
C051_S47_L001_R2_001	77.0	38.5	0.0	0.0	0.0	0.0	0.0	0.0	1.0	1.5	2.5	3.5	3.5	3.5	3.0	6.5	13.5	25.0	93.5	117.0	639.5	660.0	392.5	1130.5	1363.5	3597.5	5533.0	5377.5	7923.0	8047.0	8806.5	8307.5	5302.0	6434.0	8730.0	9031.0	6277.0	4717.0	3805.5	2786.5	1894.0	657.5	748.0	2384.0	3546.0	2692.0	2214.0	2894.5	1797.0	337.0	1091.5	1067.0	171.0	196.0	1018.5	990.0	131.0	76.5	70.0	57.5	36.5	25.5	31.5	23.0	16.0	14.5	11.0	9.0	17.0	35.0	67.0	660.0	687.5	111.5	635.0	653.0	74.0	63.0	814.0	859.5	847.0	824.0	77.0	11.5	5.0	3.0	1.5	0.5	0.0	0.0	0.0	0.0	0.5	0.5	0.0	0.0	0.5	0.5	0.0	0.0	0.0
C052_S48_L001_R1_001	115.0	57.5	0.0	0.0	0.0	0.0	0.0	0.0	0.0	0.0	0.0	0.0	0.0	0.5	0.5	0.0	2.0	9.0	71.0	88.5	541.0	590.0	607.5	1038.0	964.5	3067.5	4515.5	4300.5	6155.0	6089.5	7392.0	7280.5	4593.0	5750.5	7697.5	7281.5	4960.5	3910.5	3132.0	2724.5	1685.0	281.5	681.5	2124.0	3064.5	2296.0	1814.0	2438.0	1565.5	262.0	897.5	888.0	148.5	180.0	849.0	817.5	121.0	70.0	49.5	38.0	26.0	23.0	27.0	16.5	9.5	7.5	5.0	5.0	7.5	36.0	580.0	581.5	37.5	25.5	558.0	565.0	38.5	49.0	749.5	786.5	772.5	723.5	29.5	4.0	0.5	0.0	0.0	0.0	0.0	0.0	0.0	0.0	0.0	0.0	0.0	0.0	0.0	0.0	0.0	0.0	0.0
C052_S48_L001_R2_001	115.0	57.5	0.5	2.0	2.0	1.5	2.0	1.5	1.0	2.0	3.0	1.5	1.0	3.0	4.0	8.0	12.0	16.5	71.5	96.0	542.5	569.0	564.0	998.0	963.0	3052.0	4541.5	4386.0	6224.0	6183.0	7414.5	7100.0	4533.5	5743.5	7656.5	7259.0	4872.0	3983.0	3249.0	2707.0	1621.0	245.5	651.5	2068.5	3018.5	2287.0	1850.5	2414.0	1508.0	268.5	933.0	930.0	167.0	205.5	905.5	866.5	121.5	68.5	60.0	48.0	29.0	23.5	27.5	20.5	15.5	12.0	11.0	10.5	10.0	53.5	533.5	548.5	79.0	47.0	542.0	564.0	62.5	58.0	733.0	765.5	757.5	723.0	52.0	11.0	8.0	3.5	1.0	1.5	1.5	0.5	0.0	0.0	0.0	0.0	0.0	0.5	0.5	0.0	0.0	0.0	0.0
C053_S49_L001_R1_001	231.0	115.5	0.0	0.0	0.0	0.0	0.0	0.0	0.0	0.0	0.0	0.0	0.5	1.0	2.0	5.5	8.0	18.5	147.0	190.5	1094.5	1161.5	1389.0	2208.5	1757.0	5758.0	8743.5	8575.0	12292.0	11803.5	13869.0	13678.0	8251.0	11970.5	16246.5	14653.0	10918.5	8769.5	6699.0	5261.0	2914.0	416.5	1133.0	3670.0	5521.5	3941.5	3648.5	5333.0	3079.5	462.5	1744.0	1721.0	272.0	384.5	1929.0	1830.0	251.5	152.0	93.5	75.5	50.0	41.5	55.5	39.5	22.5	14.0	10.5	12.0	12.5	33.0	617.5	1135.0	582.5	93.5	1123.0	1132.5	88.5	99.0	1524.0	1607.5	1739.5	1637.0	61.5	7.5	1.5	0.5	0.0	0.0	0.0	0.0	0.0	0.0	0.0	0.0	0.0	0.0	0.0	0.0	0.0	0.0	0.0
C053_S49_L001_R2_001	231.0	115.5	0.0	1.0	2.5	4.0	4.0	4.5	5.0	5.5	5.0	5.5	7.0	11.0	12.0	13.0	19.5	35.0	191.5	238.5	1119.0	1168.0	1334.0	2164.0	1815.5	5843.0	8779.0	8408.0	12044.5	11741.5	13971.0	13689.0	8220.5	12109.0	16386.5	14808.5	10877.0	8623.5	6724.0	5118.0	2744.0	422.0	1119.5	3583.5	5576.5	4059.5	3613.5	5164.5	2975.5	505.0	1857.5	1828.0	289.5	385.5	1898.0	1829.5	261.0	153.5	111.0	85.5	60.5	42.5	56.0	44.0	27.5	22.0	14.0	15.0	22.5	49.0	597.0	1116.0	632.0	142.5	1052.0	1072.0	116.0	115.5	1672.5	1753.0	1528.0	1463.0	119.0	25.0	8.5	3.5	3.0	3.0	1.5	1.5	1.0	0.0	1.0	1.5	1.5	2.0	1.0	0.0	0.0	0.5	0.5
C054_S50_L001_R1_001	75.0	37.5	0.0	0.0	0.0	0.0	0.0	0.0	0.0	0.0	0.5	0.5	0.0	0.0	1.0	3.0	5.5	12.5	105.5	123.5	644.5	688.0	382.5	1061.0	1279.5	3324.5	5256.5	5165.5	7015.5	7156.0	8630.0	8047.0	5017.5	6480.5	8648.5	8053.5	5447.5	4480.5	3376.5	2479.5	1774.5	618.5	740.5	2375.5	3473.5	2594.0	2189.5	2677.5	1515.0	263.0	952.5	928.5	146.0	208.5	970.0	909.0	127.5	85.5	58.0	43.0	26.5	31.0	48.0	27.0	10.0	9.0	4.0	4.0	7.5	46.0	375.0	654.5	337.5	41.5	599.5	600.5	38.5	54.0	853.0	882.5	866.5	825.0	31.0	2.5	1.0	0.5	0.5	0.0	0.0	0.0	0.0	0.5	1.0	1.0	0.5	0.0	0.0	0.0	0.0	0.0	0.0
C054_S50_L001_R2_001	73.0	36.5	0.0	0.5	0.5	0.5	0.5	0.0	0.5	2.0	1.5	2.5	4.0	4.0	5.0	6.0	8.5	13.5	106.5	138.5	602.5	627.0	392.5	1089.0	1314.5	3355.0	5324.5	5166.0	6908.5	7155.5	8826.5	8256.0	5020.5	6449.0	8468.0	7975.5	5461.0	4345.0	3421.0	2536.5	1739.5	591.5	719.5	2322.5	3473.5	2609.5	2144.0	2667.0	1534.0	266.0	979.5	963.5	162.0	213.0	938.0	892.0	142.0	88.0	55.5	43.5	38.0	39.5	48.0	30.0	17.5	17.0	11.0	9.0	10.5	52.5	340.0	573.0	321.5	73.5	620.5	637.0	65.5	63.5	842.0	864.5	834.5	820.0	61.5	9.5	5.0	2.0	0.5	0.5	0.0	0.0	0.0	1.0	1.0	0.0	0.5	0.5	0.0	0.5	0.5	0.0	0.0
C055_S51_L001_R1_001	134.0	67.0	0.0	0.0	0.0	0.0	0.0	0.0	0.0	0.0	0.0	0.0	0.0	0.5	1.5	3.5	6.5	12.0	101.5	124.5	626.0	655.5	741.5	1281.5	1134.5	3672.5	5473.5	5117.5	7465.0	7225.5	8644.0	8602.0	5573.0	6887.0	9050.5	8744.5	6093.0	5027.5	3978.5	3533.5	2222.0	359.5	871.0	2492.5	3587.5	2765.0	2320.5	3209.5	2044.5	374.0	1069.0	1056.0	287.5	346.0	1083.0	1023.0	240.0	207.0	182.0	166.5	145.5	116.0	118.0	99.5	76.5	64.5	57.0	47.5	42.5	88.0	801.0	777.5	54.5	42.0	764.5	768.5	48.0	56.5	873.0	906.5	880.5	828.5	26.0	2.5	2.0	1.5	0.5	0.5	0.5	0.0	0.0	0.0	0.0	0.0	0.0	0.0	0.0	0.0	0.0	0.0	0.0
C055_S51_L001_R2_001	138.0	69.0	0.0	0.0	0.0	0.5	1.5	1.0	0.5	1.0	1.5	2.5	3.0	3.0	5.0	4.5	6.0	16.5	90.0	109.5	601.0	633.0	660.0	1195.0	1155.0	3640.5	5407.0	5008.5	7411.0	7296.0	8775.5	8676.5	5551.0	6891.0	9069.5	8732.0	6029.5	5013.0	3986.0	3522.0	2218.5	348.5	837.5	2500.0	3677.5	2815.5	2355.0	3032.5	1832.0	402.0	1273.0	1262.5	292.5	330.0	1128.0	1076.5	242.0	206.0	191.5	166.5	137.5	116.0	126.0	104.0	80.5	70.5	58.0	50.5	50.0	91.0	768.0	778.0	95.0	51.5	743.5	756.0	55.5	56.5	837.0	887.0	870.0	833.5	68.5	12.0	2.5	1.5	2.0	1.0	0.5	0.5	1.5	2.0	1.0	0.0	1.0	1.0	0.0	0.0	0.5	0.5	0.0
C056_S52_L001_R1_001	66.0	33.0	0.0	0.0	0.0	0.0	0.0	0.0	0.0	0.0	0.0	0.0	0.5	0.5	0.0	2.5	6.0	8.0	39.5	79.5	571.0	583.0	629.0	883.0	857.0	2844.0	4475.5	4390.5	6056.0	6226.0	6850.0	6464.5	4358.5	5510.5	7368.0	6972.0	4827.5	4085.0	3133.0	2539.0	1564.0	200.5	548.5	1969.0	2819.0	2069.5	1858.5	2490.5	1491.0	209.5	899.0	902.5	138.0	159.5	801.5	769.5	90.0	45.5	40.0	33.0	21.0	13.5	17.0	11.5	5.0	3.5	3.0	3.0	4.5	21.5	272.5	515.5	279.0	38.0	483.0	485.0	29.0	37.5	670.5	709.5	705.5	662.0	30.0	4.5	1.0	0.0	0.0	0.0	0.0	0.0	0.0	0.0	0.0	0.0	0.0	0.0	0.0	0.0	0.0	0.0	0.0
C056_S52_L001_R2_001	66.0	33.0	0.0	0.0	0.0	0.0	1.0	1.5	2.0	1.5	0.5	2.0	2.5	2.0	4.5	8.0	10.0	16.0	54.0	98.5	520.0	525.0	657.0	909.5	864.0	2801.0	4379.5	4340.0	6111.0	6330.0	6926.5	6419.0	4101.0	5438.5	7502.5	7074.5	4750.5	3786.5	2971.0	2512.5	1571.5	225.5	561.0	1938.5	2987.5	2273.5	1916.0	2571.5	1545.5	251.0	898.5	879.5	135.0	179.5	804.0	759.0	91.0	49.5	42.0	35.0	26.0	17.5	25.5	17.0	4.0	4.5	6.5	8.5	10.5	31.5	244.0	460.5	268.0	52.0	489.5	508.5	57.5	49.0	670.0	700.0	673.0	654.5	58.0	11.5	1.5	0.5	0.5	0.5	0.5	0.0	0.5	0.5	0.5	0.5	0.5	0.5	0.5	1.5	1.0	0.0	0.0
C057_S53_L001_R1_001	239.0	119.5	0.0	0.0	0.0	0.0	0.0	0.0	0.0	0.0	0.0	0.0	0.5	2.0	2.5	3.5	5.5	12.5	26.5	127.0	957.0	923.5	104.0	1154.5	2475.0	5617.0	7950.5	7759.0	10809.0	10625.0	12636.0	12334.5	7733.0	9671.5	12942.0	12464.5	8660.0	7060.5	5549.5	3674.0	2992.0	1682.0	1346.5	3750.5	5258.5	3902.0	3251.0	4417.5	2814.0	517.0	1655.0	1641.0	329.5	390.0	1480.0	1397.5	258.0	186.0	132.0	121.0	108.5	91.0	92.5	72.0	52.0	45.0	34.0	27.5	26.0	28.5	100.0	1005.5	978.5	96.5	968.0	987.0	82.0	74.0	1190.5	1257.0	1221.5	1143.5	43.0	5.5	4.0	1.5	0.0	0.0	0.0	0.0	0.0	0.0	0.0	0.0	0.0	0.0	0.0	0.0	0.0	0.0	0.0
C057_S53_L001_R2_001	244.0	122.0	0.0	0.5	0.5	0.5	0.5	1.5	4.0	4.0	3.5	3.0	2.5	4.5	9.0	14.5	20.5	23.0	45.0	197.0	965.0	884.0	117.0	1142.5	2555.5	5695.5	7930.5	7575.0	10720.5	10791.0	12783.5	12333.0	7693.5	9803.5	13152.0	12424.0	8363.0	6837.5	5447.0	3631.0	3000.5	1719.5	1296.0	3640.5	5199.0	3882.5	3215.5	4288.0	2723.0	571.5	1812.0	1788.5	359.5	407.5	1493.5	1433.5	295.5	197.5	158.5	141.0	108.0	92.5	106.0	79.5	58.0	56.0	38.0	29.0	36.5	41.5	121.0	954.5	951.5	163.5	938.5	953.5	105.0	84.0	1153.5	1202.5	1185.0	1159.0	96.5	18.0	7.5	5.5	3.5	0.5	2.0	2.0	0.5	1.0	2.0	2.0	1.5	1.5	1.0	0.0	0.0	0.0	0.0
C058_S54_L001_R1_001	148.0	74.0	0.0	0.0	0.0	0.0	0.0	0.0	0.0	0.0	0.0	0.0	0.0	1.0	1.5	3.0	5.0	14.0	86.0	102.5	619.5	661.5	712.0	1199.0	1077.5	3571.5	5378.5	5150.5	7350.0	7257.5	8419.5	8128.5	5338.5	6776.0	8934.5	8371.0	5663.5	4818.5	3693.5	2937.0	1888.0	247.0	692.0	2434.5	3602.5	2672.0	2160.0	2790.5	1677.0	247.5	990.0	992.0	148.5	191.5	1030.0	1002.0	132.5	67.0	62.0	52.0	35.0	30.0	38.0	21.5	8.0	8.0	8.0	6.5	8.0	29.5	344.5	631.5	328.0	44.0	594.5	602.5	42.0	41.0	742.5	790.0	891.5	840.5	34.5	4.0	0.0	0.0	0.0	0.0	0.0	0.0	0.0	0.0	0.0	0.5	0.5	0.0	0.0	0.0	0.0	0.0	0.0
C058_S54_L001_R2_001	147.0	73.5	0.0	0.0	0.0	0.0	0.0	1.0	2.5	3.0	2.5	1.0	1.5	4.0	4.5	9.0	16.0	23.0	101.5	131.5	603.5	639.0	686.0	1174.0	1103.0	3682.5	5445.0	5006.5	7197.5	7234.0	8524.5	8246.0	5391.5	6833.5	8894.0	8309.5	5596.0	4622.5	3595.0	2910.5	1847.0	269.0	737.0	2421.0	3602.5	2716.0	2120.5	2763.5	1714.5	295.0	1041.5	1031.5	174.5	215.0	1044.5	1007.5	140.5	78.5	71.5	56.5	36.5	32.5	42.0	25.0	11.5	14.0	14.5	11.5	11.0	29.0	333.0	583.0	313.5	77.5	583.5	611.0	75.0	55.5	849.0	893.0	755.0	712.5	54.5	9.5	2.5	3.0	2.5	2.0	1.0	1.5	1.5	1.0	0.5	1.0	1.0	0.0	0.0	0.0	0.0	0.0	0.0
C059_S55_L001_R1_001	57.0	28.5	0.0	0.0	0.0	0.0	0.0	0.0	0.0	0.0	0.0	0.0	0.0	0.5	1.5	3.0	8.5	14.0	92.5	122.0	690.0	725.5	754.5	1337.5	1274.5	4089.0	5990.5	5651.5	8342.5	8057.5	9786.5	9291.0	5811.0	7824.0	9624.0	8865.5	6244.5	5211.0	4140.5	3583.0	2235.5	298.5	811.0	2688.5	3860.5	2824.0	2365.0	3164.0	1910.0	299.5	1092.5	1063.0	148.5	193.0	1117.5	1091.5	132.5	66.0	49.5	42.5	25.5	21.5	37.5	23.5	9.5	5.5	2.0	3.0	4.0	21.5	367.5	694.0	362.0	43.0	656.0	661.0	40.5	49.0	863.5	908.5	907.0	848.0	27.5	2.0	0.0	0.0	0.0	0.5	0.5	0.0	0.5	1.0	0.5	0.0	0.0	0.0	0.0	0.0	0.0	0.0	0.0
C059_S55_L001_R2_001	59.0	29.5	0.0	0.0	0.0	1.0	1.0	0.0	0.0	0.5	2.0	5.0	4.5	3.0	4.0	6.5	13.0	26.5	105.5	135.5	636.0	673.0	803.5	1353.5	1243.0	4094.0	6024.5	5561.0	8171.0	8099.0	10002.0	9422.0	5834.0	7895.0	9642.0	8979.0	6365.5	5165.0	4107.0	3380.0	2056.5	302.5	859.5	2634.5	3791.5	2850.0	2370.0	3078.5	1819.0	313.5	1165.5	1130.5	165.5	214.0	1092.0	1053.5	130.5	67.0	58.0	51.0	31.0	23.5	39.5	26.5	14.0	9.5	4.5	7.0	13.0	38.0	341.5	623.5	356.0	79.0	661.0	678.5	66.0	56.5	856.5	895.0	861.5	843.0	72.0	10.5	4.5	4.0	2.0	0.5	0.0	1.0	2.0	2.0	1.5	0.5	0.5	0.5	0.0	0.0	0.0	0.0	0.0
C060_S56_L001_R1_001	33.0	16.5	0.0	0.0	0.0	0.0	0.0	0.0	0.0	0.0	0.0	0.0	0.5	1.0	1.5	6.5	11.0	21.0	74.0	99.0	725.0	857.5	787.0	1834.0	1736.0	4740.5	6994.0	6735.5	8641.5	7009.0	8546.5	8650.0	6600.5	8897.5	9920.0	9724.5	7328.5	5195.0	4273.5	3556.0	1880.0	261.5	707.5	3388.0	5191.5	4066.5	2962.0	3051.5	1902.0	262.5	707.5	696.0	112.0	159.5	1308.0	1438.5	271.0	48.5	31.5	27.5	19.5	10.5	10.5	8.5	5.5	3.0	1.5	2.0	2.5	3.5	31.0	443.5	443.0	45.0	358.5	363.0	31.5	40.5	614.0	644.0	652.5	609.0	17.5	0.5	0.0	0.5	0.5	0.0	0.0	0.0	0.0	0.0	0.0	0.0	0.0	0.0	0.0	0.0	0.0	0.0	0.0
C060_S56_L001_R2_001	33.0	16.5	0.0	0.0	0.0	0.5	2.5	3.5	3.0	4.5	4.0	2.0	4.0	4.0	7.5	12.0	10.0	18.0	74.0	113.0	644.5	760.0	789.5	1815.0	1700.5	4863.0	7041.0	6504.0	8439.0	6976.5	8641.0	8642.5	6541.5	9011.5	10139.5	9900.5	7345.5	5094.0	4254.5	3565.5	1861.5	291.5	713.0	3400.0	5248.0	4057.5	2883.5	2961.0	1849.0	286.0	776.0	751.5	118.5	158.5	1305.0	1447.5	279.5	52.0	34.0	30.5	22.5	11.0	11.0	8.5	4.5	3.5	2.5	7.5	8.5	6.5	30.0	351.5	364.0	60.0	414.5	434.5	60.5	51.0	603.0	642.5	633.0	595.5	39.0	5.5	1.0	1.0	1.5	0.5	0.0	0.5	1.0	1.0	1.0	0.5	0.0	0.0	0.0	0.0	0.0	0.0	0.0
C061_S57_L001_R1_001	62.0	31.0	0.0	0.0	0.0	0.0	0.0	0.0	0.0	0.0	0.0	0.0	0.0	0.0	0.0	1.0	3.0	5.0	34.5	72.5	493.0	496.5	307.0	777.0	994.5	2338.5	3888.5	3938.5	5100.5	5202.5	5820.5	5486.0	3692.0	4838.0	6776.5	6117.0	3956.0	3461.5	2734.5	2045.5	1338.0	449.5	499.0	1604.5	2534.0	1921.0	1494.5	1972.0	1166.0	169.0	643.0	632.5	105.0	147.5	678.5	634.5	78.5	49.0	37.5	29.0	18.5	17.0	24.0	13.0	2.5	2.5	2.0	1.0	1.0	8.0	29.5	369.5	361.5	33.0	349.0	351.5	28.5	31.5	547.5	580.5	575.5	543.0	25.5	2.0	1.5	0.5	0.0	0.5	0.5	0.0	0.0	0.0	0.0	0.0	0.0	0.0	0.0	0.0	0.0	0.0	0.0
C061_S57_L001_R2_001	60.0	30.0	0.0	0.5	0.5	0.0	0.0	0.0	1.0	1.5	1.5	3.5	5.0	4.5	5.0	5.5	5.0	11.0	44.0	79.0	516.5	530.0	300.5	709.0	975.0	2328.5	3891.0	4033.0	5157.0	5212.5	5931.0	5619.0	3848.0	4951.0	6655.5	5968.5	3827.0	3342.0	2662.5	1922.0	1261.5	441.5	491.0	1568.0	2467.5	1923.5	1584.5	2024.5	1175.5	191.0	655.5	652.5	113.5	148.5	679.0	647.5	92.0	49.5	37.5	30.0	20.0	21.0	29.5	16.5	4.5	4.0	3.0	3.5	6.0	14.0	34.0	332.0	340.5	58.0	346.5	345.5	31.0	32.0	565.0	582.5	545.0	535.0	37.5	5.0	3.5	4.0	1.0	0.0	0.0	0.0	0.5	0.5	0.5	0.5	0.0	0.0	0.0	0.0	0.0	0.0	0.0
C062_S58_L001_R1_001	50.0	25.0	0.0	0.0	0.0	0.0	0.0	0.0	0.0	0.0	0.0	0.0	0.0	0.0	0.5	2.0	3.0	7.0	49.5	63.5	369.0	391.0	226.0	639.0	704.0	1759.0	2907.5	2879.5	3812.0	3573.0	4237.5	4212.5	2684.5	3567.0	4819.5	4319.0	2878.5	2446.0	1892.0	1410.0	974.5	352.0	380.0	1269.0	1933.0	1468.0	1190.5	1447.5	828.5	126.0	464.0	460.0	70.5	106.5	586.0	553.0	53.5	27.0	22.5	17.5	11.0	6.5	8.5	5.5	4.0	3.5	1.0	1.0	2.5	8.5	24.5	227.5	222.0	23.5	240.0	247.0	20.5	24.5	414.0	425.0	422.0	407.5	18.5	1.5	1.5	0.0	0.0	0.0	0.0	0.0	0.0	0.0	0.0	0.0	0.0	0.0	0.0	0.0	0.0	0.0	0.0
C062_S58_L001_R2_001	48.0	24.0	0.0	0.0	0.0	0.0	0.0	0.0	0.5	2.0	1.5	1.5	1.5	1.0	2.0	2.0	4.5	9.5	59.0	81.5	302.0	313.5	216.5	620.5	724.5	1874.0	2950.0	2795.0	3676.5	3459.0	4311.5	4310.0	2797.5	3747.0	4861.5	4363.5	2939.0	2410.5	1858.5	1369.0	902.5	312.0	349.5	1203.5	1911.5	1479.0	1167.0	1425.0	839.5	154.0	463.0	453.5	85.0	108.0	552.5	533.0	67.0	32.5	28.0	22.0	14.5	11.5	16.0	12.5	7.0	6.0	4.5	4.0	6.0	11.5	21.0	233.0	237.5	27.5	216.5	225.5	25.5	26.5	412.0	433.5	417.0	400.5	26.0	3.0	3.5	3.0	1.0	0.0	0.0	0.0	0.0	0.0	0.0	0.0	0.5	1.0	0.5	0.0	0.0	0.0	0.0
C063_S59_L001_R1_001	23.0	11.5	0.0	0.0	0.0	0.0	0.0	0.0	0.0	0.0	0.0	0.0	0.0	0.0	0.5	1.0	0.5	3.0	25.0	27.5	175.0	190.5	111.0	318.5	335.5	836.5	1381.5	1353.0	1880.0	1773.5	2017.0	2038.5	1299.5	1632.0	2214.0	2187.0	1573.5	1226.5	947.5	814.0	491.5	69.5	139.0	530.5	889.0	733.0	626.0	767.5	445.5	75.5	249.5	247.0	48.0	54.0	258.0	249.0	29.5	17.0	13.5	10.0	7.5	8.5	12.0	7.0	3.5	4.5	2.5	1.5	2.0	3.5	12.5	154.0	152.5	17.5	159.0	158.5	11.5	16.5	241.5	248.5	223.0	212.0	9.5	1.0	0.5	0.0	0.0	0.5	0.5	0.0	0.0	0.0	0.0	0.0	0.0	0.0	0.0	0.0	0.0	0.0	0.0
C063_S59_L001_R2_001	23.0	11.5	0.0	0.0	0.0	0.0	0.0	0.0	0.0	0.0	0.0	0.0	0.5	1.0	1.0	1.5	3.0	6.5	25.5	31.0	159.0	166.0	121.0	338.0	344.5	810.0	1348.5	1371.5	1902.0	1806.0	1989.5	2008.0	1339.0	1657.5	2171.5	2144.5	1581.5	1208.5	954.5	833.0	499.5	79.0	139.5	512.0	897.5	760.0	621.5	752.5	435.5	74.0	265.0	266.5	53.0	56.0	245.0	238.0	35.5	21.0	14.5	10.0	9.5	13.5	14.5	8.5	5.5	5.0	3.5	3.0	2.0	4.5	15.0	148.5	156.0	30.0	144.0	151.5	21.5	15.0	215.0	228.0	240.5	229.5	15.5	3.0	2.5	0.5	1.0	1.5	1.0	0.5	0.0	0.0	0.0	0.0	0.0	0.5	0.5	0.0	0.0	0.0	0.0
C064_S60_L001_R1_001	271.0	135.5	0.0	0.0	0.0	0.0	0.0	0.0	0.0	0.0	0.0	0.0	0.0	0.5	1.0	2.5	7.0	10.5	53.5	72.5	420.0	448.0	69.0	867.0	1280.0	2607.5	3959.5	3984.0	5594.5	5416.0	6283.0	6076.0	3924.0	5033.0	6703.0	6270.0	4287.5	3533.0	2834.0	1864.0	1521.5	943.5	813.0	2067.0	2856.5	2172.5	1864.0	2416.5	1558.5	453.0	1043.0	1044.0	410.5	447.0	1034.5	997.5	363.0	316.5	314.0	296.0	258.0	233.5	216.0	179.0	142.0	117.0	102.5	87.0	77.0	77.5	99.0	532.5	517.5	72.0	433.5	436.0	45.0	59.5	688.5	699.0	661.5	632.0	31.5	4.0	1.5	1.0	0.5	0.5	0.0	0.0	0.5	1.0	1.0	0.5	0.0	0.0	0.0	0.0	0.0	0.0	0.0
C064_S60_L001_R2_001	265.0	132.5	0.0	0.0	0.0	0.0	0.5	1.0	2.0	3.0	2.0	1.0	1.5	1.5	2.5	6.0	8.5	16.0	72.0	89.0	444.5	459.5	66.5	902.0	1331.0	2593.5	3975.5	3908.0	5422.5	5382.0	6435.5	6178.0	3918.0	5100.0	6661.5	6206.0	4328.5	3513.0	2823.5	1962.0	1538.0	909.5	820.0	2051.0	2787.0	2143.5	1841.0	2308.5	1519.5	479.5	1064.5	1073.5	425.5	442.0	1017.5	994.5	369.5	319.0	319.5	291.5	244.5	223.5	212.5	179.5	155.0	136.0	109.0	92.5	81.5	81.0	105.5	459.0	456.0	93.0	487.0	489.0	51.5	57.5	634.5	652.0	686.5	666.5	53.0	14.5	4.5	1.0	2.0	2.0	1.0	1.5	1.0	1.0	2.0	1.5	0.5	0.5	0.0	0.0	0.0	0.0	0.0
C066_S61_L001_R1_001	92.0	46.0	0.0	0.0	0.0	0.0	0.0	0.0	0.0	0.0	0.0	0.0	0.5	0.5	1.0	2.0	3.0	12.0	106.5	118.0	594.0	630.0	79.0	1128.5	1744.0	3761.5	5628.0	5678.0	8109.5	7555.5	9218.0	9291.5	5815.0	6919.5	9525.0	9515.5	6552.0	5541.5	4132.0	2492.5	2179.5	1190.5	902.5	2613.5	3637.0	2702.5	2312.0	3132.5	1916.5	269.0	1188.5	1173.5	160.5	215.5	991.5	950.0	135.0	69.5	57.0	51.0	33.5	22.5	34.5	25.5	15.0	11.5	5.0	4.5	7.0	16.0	61.5	779.0	762.5	67.5	755.5	762.5	50.0	43.5	725.0	764.0	848.0	801.0	28.5	3.5	2.5	1.5	1.0	0.5	0.0	0.0	0.0	0.0	0.0	0.0	0.0	0.0	0.0	0.0	0.0	0.0	0.0
C066_S61_L001_R2_001	96.0	48.0	0.0	0.0	0.0	0.0	0.5	0.5	0.0	1.0	1.5	2.0	5.0	7.0	5.5	5.0	9.0	21.0	131.0	159.5	552.0	579.5	106.0	1198.5	1825.0	3672.0	5521.0	5576.0	8023.5	7650.0	9256.0	9362.0	5981.0	7137.0	9720.0	9457.0	6351.0	5236.5	4027.0	2614.5	2146.5	1133.0	875.5	2473.0	3506.5	2717.5	2360.0	3128.5	1935.0	322.0	1222.5	1212.5	189.5	231.5	1030.0	984.5	152.0	82.0	60.0	55.5	38.5	34.0	36.5	20.5	14.0	12.0	8.5	8.5	12.0	31.0	77.0	707.5	730.0	115.0	711.0	755.5	105.5	72.0	798.0	837.5	732.0	697.5	67.0	15.5	6.0	4.0	1.5	1.5	1.0	0.5	0.5	0.5	1.0	0.5	0.5	1.5	1.0	0.0	0.0	0.0	0.0
C067_S62_L001_R1_001	53.0	26.5	0.0	0.0	0.0	0.0	0.0	0.0	0.0	0.0	0.0	0.0	1.0	2.0	1.5	2.5	6.5	12.0	91.0	116.0	678.0	719.0	663.5	1055.5	975.0	3513.0	5370.0	5133.5	7189.0	7156.0	8418.5	8139.5	5296.5	7419.5	8661.0	7341.0	5374.0	4162.5	3252.0	2761.5	1715.5	232.5	623.0	2487.0	3725.5	2765.0	2265.5	2553.5	1393.0	205.0	892.5	893.0	156.5	217.0	1063.0	1018.0	146.5	90.5	58.5	49.0	36.5	29.0	40.0	26.0	9.0	7.0	6.5	5.0	8.5	11.0	61.0	632.0	600.5	49.5	543.0	550.5	40.0	52.5	947.0	980.5	941.0	891.0	31.5	4.0	0.5	0.0	0.0	0.5	0.5	0.0	0.0	0.0	0.0	0.0	0.0	0.0	0.0	0.0	0.0	0.0	0.0
C067_S62_L001_R2_001	53.0	26.5	0.0	0.0	0.0	0.0	0.5	1.0	2.5	3.0	2.0	2.5	4.5	6.0	6.5	8.5	15.0	20.0	95.0	126.0	670.0	703.5	749.0	1136.5	961.0	3485.5	5404.0	5106.5	7233.0	7316.5	8380.5	7882.5	5113.0	7431.0	8719.0	7286.0	5308.0	4140.5	3203.0	2751.0	1694.5	228.0	668.0	2516.5	3823.0	2817.5	2175.0	2537.5	1414.0	225.0	877.0	867.5	168.0	236.0	1084.0	1047.0	168.0	95.0	65.5	59.5	45.5	35.5	43.0	25.5	9.5	8.0	11.0	12.5	14.5	23.0	67.0	536.5	531.0	78.5	577.0	601.0	75.5	59.5	891.5	959.5	926.5	887.5	80.0	14.0	3.0	2.5	1.5	1.0	0.5	0.5	1.0	2.0	1.5	0.0	1.0	1.0	1.0	1.5	0.5	0.0	0.0
C068_S63_L001_R1_001	66.0	33.0	0.0	0.0	0.0	0.0	0.0	0.0	0.0	0.0	0.0	0.0	0.0	1.0	1.0	0.5	2.0	8.0	111.5	128.0	365.0	783.5	1255.0	1467.0	1419.0	4808.5	7126.5	6717.0	9825.0	9726.0	11476.0	11190.0	7075.5	9135.5	11624.0	10884.5	7853.0	6548.0	5183.5	4326.5	2653.0	338.5	935.0	3174.0	4631.0	3433.5	2843.5	3719.5	2244.0	344.5	1344.0	1345.0	203.5	254.0	1207.0	1161.0	175.5	103.5	76.0	67.5	44.0	25.5	34.0	23.5	13.5	13.5	14.0	13.0	10.0	25.5	71.0	930.5	923.0	83.5	917.0	923.5	62.0	65.5	1118.5	1181.5	1198.0	1123.0	43.0	4.5	1.5	1.0	0.0	0.5	1.0	0.5	0.0	0.0	0.0	0.0	0.0	0.0	0.0	0.0	0.0	0.0	0.0
C068_S63_L001_R2_001	65.0	32.5	0.5	1.5	1.5	1.0	1.5	3.0	2.5	2.5	5.5	7.5	6.0	4.5	7.5	10.0	10.5	16.5	124.0	144.5	382.0	786.5	1274.5	1550.5	1489.5	4792.0	7068.5	6600.5	9763.5	9809.5	11575.5	11195.0	7080.5	9374.0	11933.5	10872.0	7569.0	6135.5	4928.5	4269.0	2604.0	353.0	935.0	3144.5	4579.5	3422.5	2878.0	3769.0	2272.0	355.5	1411.5	1403.5	216.5	258.5	1249.0	1203.0	169.0	102.0	81.5	70.0	50.0	36.5	41.5	29.5	22.5	17.5	12.0	13.0	16.5	28.5	79.0	909.0	910.0	116.0	878.5	904.0	101.5	78.0	1136.5	1194.5	1117.5	1076.0	87.5	17.5	6.5	4.0	2.0	1.0	0.0	1.0	2.5	2.0	1.0	1.5	1.0	0.5	0.5	0.0	0.0	0.0	0.0
C069_S64_L001_R1_001	41.0	20.5	0.0	0.0	0.0	0.0	0.0	0.0	0.0	0.0	0.0	0.0	1.0	1.0	1.0	2.0	2.5	8.5	42.0	82.0	573.5	589.5	629.0	855.5	873.0	3170.5	4596.0	4441.5	6341.5	6497.0	7227.0	6675.5	4329.5	5357.5	7456.0	7192.0	5052.5	3927.0	2777.0	2443.5	1486.5	204.5	580.0	2088.5	3047.0	2190.5	1842.5	2421.0	1424.0	206.5	711.5	691.0	121.5	178.5	853.0	820.5	112.0	61.0	45.0	39.0	24.0	18.0	29.0	17.0	8.0	12.5	8.5	5.5	6.0	5.0	39.0	525.5	519.0	52.0	539.5	541.5	30.0	43.0	689.5	723.5	715.0	662.0	19.0	2.5	1.0	0.5	0.5	0.0	0.0	0.0	0.0	0.0	0.0	0.0	0.0	0.0	0.0	0.0	0.0	0.0	0.0
C069_S64_L001_R2_001	41.0	20.5	0.0	0.5	0.5	0.5	1.0	0.5	0.0	0.5	1.5	2.5	3.0	3.5	3.5	4.0	8.5	12.5	39.5	87.0	546.0	551.5	584.5	857.0	919.5	3153.5	4574.0	4303.0	6176.5	6523.5	7348.5	6732.0	4370.0	5405.0	7507.0	7232.0	4957.0	3833.5	2789.5	2434.5	1477.0	238.0	626.5	2033.5	2982.0	2295.0	1922.5	2258.0	1268.0	228.5	887.0	878.0	149.0	183.5	840.0	804.5	112.0	60.5	41.0	38.5	24.0	20.0	31.0	20.0	12.0	12.5	9.5	9.5	12.0	17.0	64.0	517.0	508.5	79.5	497.0	506.0	55.5	45.5	669.5	704.0	682.5	666.0	57.0	8.0	3.5	1.5	1.0	0.5	0.5	1.0	0.5	1.0	1.5	0.5	1.0	1.0	0.5	0.5	0.0	0.0	0.0
C070_S65_L001_R1_001	43.0	21.5	0.0	0.0	0.0	0.0	0.0	0.0	0.0	0.0	0.0	0.0	0.5	0.5	0.5	2.0	3.0	7.5	38.0	85.0	549.5	545.5	294.5	773.5	1121.5	3005.0	4408.0	4304.0	6084.5	6193.5	6841.5	6375.5	4160.5	4967.0	6989.5	7022.5	4938.0	3501.0	2703.0	2507.0	1599.0	528.0	661.0	1933.5	2718.0	2046.0	1769.5	2345.0	1420.0	232.0	802.5	805.0	137.5	157.5	741.5	708.0	96.0	57.5	42.0	34.0	28.0	35.5	42.0	23.5	12.0	12.5	10.5	9.5	8.5	25.0	44.5	471.5	477.0	49.0	439.5	442.0	31.0	36.5	646.0	684.0	650.5	608.0	25.5	2.0	1.5	1.0	0.0	0.0	0.0	0.0	0.0	0.5	0.5	0.0	0.0	0.0	0.0	0.0	0.0	0.0	0.0
C070_S65_L001_R2_001	44.0	22.0	0.0	0.0	0.0	0.0	0.5	1.0	1.5	1.0	0.5	2.0	2.5	1.0	2.0	5.0	7.0	13.0	41.5	93.5	497.0	483.5	300.5	789.5	1141.0	2979.5	4387.0	4175.5	5844.5	6143.5	6938.5	6420.0	4216.0	5106.0	7214.0	7053.0	4779.0	3407.0	2736.0	2572.5	1575.0	526.5	638.5	1901.0	2750.0	2085.0	1743.0	2315.0	1421.5	242.5	823.5	827.5	135.5	157.0	756.0	723.0	106.5	65.0	51.0	41.5	30.5	32.0	45.5	30.0	13.0	13.0	10.5	7.5	10.0	31.0	53.0	399.5	420.5	81.0	443.0	477.5	79.0	48.0	601.5	643.0	649.5	630.0	62.5	6.5	2.5	2.5	2.0	1.5	1.5	0.5	0.0	0.0	0.0	0.0	0.0	0.0	0.0	0.0	0.0	0.5	0.5
C071_S66_L001_R1_001	69.0	34.5	0.0	0.0	0.0	0.0	0.0	0.0	0.0	0.0	0.5	0.5	0.0	0.0	0.0	1.0	4.0	11.0	72.0	97.5	597.5	619.0	72.0	1034.0	1541.5	3243.0	5215.0	5180.5	7097.5	7106.5	8306.5	8020.5	5205.5	6389.5	8430.5	8079.0	5593.0	4682.0	3696.5	2341.5	1830.5	989.5	724.5	2321.5	3390.0	2457.0	2079.0	2812.0	1698.0	248.5	941.0	932.5	142.0	190.0	956.0	908.5	118.5	82.0	60.5	53.5	37.5	22.0	28.5	23.0	13.5	9.5	4.0	3.0	4.5	7.5	67.0	702.5	670.0	55.5	619.0	628.0	42.5	47.5	769.5	806.0	836.5	783.5	26.5	3.5	1.0	0.0	0.0	0.0	0.0	0.0	0.0	0.5	0.5	0.0	0.0	0.0	0.0	0.0	0.0	0.0	0.0
C071_S66_L001_R2_001	69.0	34.5	0.0	0.0	0.0	0.0	0.0	0.0	0.5	1.0	1.0	1.0	1.5	3.5	5.0	7.5	10.5	18.5	91.0	109.5	537.5	562.0	85.5	1074.0	1587.0	3284.0	5189.5	5045.5	6976.5	7149.0	8448.5	7972.5	5085.5	6451.5	8569.0	8232.0	5529.5	4499.0	3680.0	2351.5	1798.5	978.5	739.5	2260.5	3350.0	2478.5	2107.0	2792.0	1649.5	262.0	1001.0	996.0	159.5	204.5	966.5	919.0	132.0	84.0	64.5	59.5	43.5	30.5	37.0	27.5	14.5	13.5	13.5	10.0	10.5	16.5	70.5	600.0	597.0	98.0	614.5	661.0	98.5	54.0	793.5	840.5	771.5	731.0	58.0	13.0	5.0	2.5	1.0	0.5	1.0	2.0	1.5	0.5	1.0	1.0	0.5	0.0	0.0	0.0	0.0	0.0	0.0
C072_S67_L001_R1_001	75.0	37.5	0.0	0.0	0.0	0.0	0.0	0.0	0.0	0.0	0.0	0.5	0.5	0.0	1.0	1.5	5.5	23.0	141.0	161.0	698.0	730.0	836.0	1479.0	1376.5	4435.0	6894.5	6443.0	8579.5	7796.5	9461.0	9854.5	6264.0	8485.5	12031.0	11240.0	7643.0	6389.5	4851.5	3894.5	2384.5	329.0	847.0	2674.0	4199.5	3315.5	2594.0	3317.0	1950.5	272.0	956.5	943.5	121.0	162.0	1105.0	1078.0	113.0	48.5	40.0	40.0	25.5	15.0	16.5	10.0	5.0	5.0	2.0	1.0	4.0	9.5	40.0	512.0	504.0	55.0	470.5	468.5	36.5	57.5	788.5	815.5	800.0	749.5	31.0	7.5	1.5	0.5	0.5	0.0	0.0	0.5	0.5	0.0	0.0	0.0	0.0	0.0	0.0	0.0	0.0	0.0	0.0
C072_S67_L001_R2_001	77.0	38.5	0.0	0.0	0.0	0.5	1.0	1.5	1.5	1.5	2.5	3.0	3.0	4.0	3.5	5.5	11.5	21.0	146.5	183.5	679.0	706.0	871.5	1508.0	1404.0	4330.0	6835.5	6451.5	8514.5	7826.0	9579.0	10008.0	6369.5	8617.0	12079.0	11222.5	7579.0	6238.5	4853.5	3884.5	2325.0	348.5	864.5	2620.5	4078.5	3228.5	2566.0	3257.0	1903.5	316.0	997.5	974.5	157.5	190.5	1067.0	1039.5	131.0	66.0	51.0	43.5	35.0	25.5	22.0	14.5	10.5	11.0	10.0	8.0	13.0	17.5	42.5	435.0	453.0	83.5	462.0	486.5	78.0	67.0	774.0	810.0	762.0	746.5	76.0	15.0	4.0	2.0	2.5	1.0	0.5	1.5	1.0	0.5	0.5	0.0	0.5	1.0	1.0	0.5	0.0	0.0	0.0
C073_S68_L001_R1_001	1448.0	724.0	0.0	0.0	0.0	0.0	0.0	0.0	0.0	0.0	0.0	0.0	0.0	0.0	0.0	0.0	0.0	0.0	0.0	0.0	0.5	0.5	0.0	0.5	1.0	2.0	6.5	20.0	33.0	44.0	67.0	78.5	71.5	57.0	40.0	37.5	56.5	92.0	175.5	277.5	381.5	475.5	532.5	536.0	485.5	419.5	325.5	238.0	155.5	83.0	47.0	27.0	15.5	9.5	8.5	8.0	6.0	4.5	3.0	1.5	0.0	0.0	0.0	0.0	0.0	0.0	0.0	0.0	0.0	0.0	0.0	0.0	0.0	0.0	0.0	0.0	0.0	0.0	0.0	0.0	1.0	1.0	0.0	0.0	0.0	0.0	0.0	0.0	0.0	0.0	0.0	0.0	0.0	0.0	0.0	0.0	0.0	0.0	0.0	0.0	0.0
C073_S68_L001_R2_001	1462.0	731.0	0.0	0.0	0.0	0.0	0.0	0.0	0.0	0.0	0.0	0.0	0.0	0.0	0.0	0.5	0.5	1.0	3.5	4.0	3.5	4.0	6.0	10.0	17.5	26.0	40.5	63.5	85.0	109.0	140.5	170.0	184.0	180.0	184.0	213.5	214.0	204.5	214.5	210.0	216.5	221.5	210.5	204.5	206.0	197.0	172.5	156.5	140.5	121.5	96.0	74.0	62.5	53.5	52.5	42.5	39.0	43.0	39.0	28.5	20.0	21.5	22.0	19.0	13.0	9.5	7.0	6.0	9.5	9.0	5.0	2.0	1.0	2.5	3.0	1.0	1.0	1.0	1.0	1.5	0.5	0.0	0.0	0.0	0.0	0.0	0.0	0.0	0.0	0.0	0.0	0.0	0.0	0.0	0.0	0.0	0.0	0.0	0.0	0.0	0.0
C074_S69_L001_R1_001	53.0	26.5	0.0	0.0	0.0	0.0	0.0	0.0	0.0	0.0	0.0	0.0	0.5	1.5	3.0	2.5	4.5	13.0	62.5	131.0	838.5	841.0	852.0	1265.0	1387.0	4716.5	6802.5	6550.0	9134.5	8933.0	10161.0	9750.0	6233.5	7656.0	10719.0	10604.5	7536.5	5690.0	4186.5	3807.5	2284.0	331.5	882.0	3004.0	4254.0	3178.5	2742.0	3342.5	1920.0	283.5	1094.0	1083.5	159.5	208.0	1203.5	1174.5	140.5	72.5	66.0	52.5	39.5	37.5	45.0	35.0	22.5	14.5	11.0	9.0	9.5	19.0	63.0	746.5	738.5	79.0	740.5	742.0	50.5	65.0	1014.0	1059.5	1075.0	1015.0	43.0	5.0	1.0	0.5	0.0	0.5	0.5	0.0	0.0	0.0	0.0	0.0	0.0	0.0	0.0	0.0	0.0	0.0	0.0
C074_S69_L001_R2_001	53.0	26.5	0.0	0.0	1.0	3.0	2.0	1.5	2.5	1.5	2.0	3.5	4.0	4.5	4.0	7.5	14.0	24.0	91.5	166.0	795.5	802.0	926.0	1360.5	1459.5	4790.5	6826.0	6399.5	9030.0	9025.5	10178.5	9664.0	6165.0	7763.0	10925.0	10597.5	7396.0	5537.0	4099.0	3805.0	2268.5	328.0	867.5	2923.0	4265.0	3220.5	2683.0	3297.5	1932.0	325.0	1133.5	1129.0	188.0	221.5	1174.0	1142.0	150.0	83.5	73.0	60.5	46.5	36.5	44.0	33.0	21.0	19.5	13.5	11.0	14.5	35.5	79.5	718.0	719.5	110.0	699.5	714.5	93.0	74.5	1032.0	1091.0	1019.5	973.0	77.0	13.5	1.5	1.5	2.0	2.5	1.5	0.0	0.0	0.0	0.5	1.5	1.5	0.5	0.0	0.0	0.0	0.0	0.0
C075_S70_L001_R1_001	62.0	31.0	0.0	0.0	0.0	0.0	0.0	0.0	0.0	0.0	0.0	0.0	0.0	0.0	0.5	0.5	2.0	6.0	68.5	88.5	523.5	546.0	275.5	934.0	1138.5	3076.0	4805.0	4886.0	6384.0	5814.5	7092.0	7030.5	4549.5	5684.0	7641.5	7434.5	5191.5	4254.0	3396.0	2801.5	1642.5	220.0	546.0	1967.5	3049.0	2275.0	1795.5	2403.5	1445.5	195.0	749.5	739.5	109.0	155.5	914.5	882.5	106.5	58.0	46.0	39.5	25.5	20.5	28.0	18.0	10.5	8.0	3.5	2.0	3.0	21.5	251.5	483.0	265.5	36.5	456.5	460.0	32.5	40.0	714.5	742.0	760.0	723.0	27.0	4.0	1.0	0.5	0.0	0.0	0.0	0.0	0.0	0.0	0.0	0.0	0.0	0.0	0.0	0.0	0.0	0.0	0.0
C075_S70_L001_R2_001	62.0	31.0	0.0	0.0	0.0	0.5	1.0	1.5	1.0	1.5	3.0	3.0	2.0	2.5	3.0	3.5	11.5	22.0	69.5	86.5	508.5	537.5	321.0	1037.0	1203.0	3029.5	4743.5	4708.5	6181.5	5731.5	7136.5	7046.0	4510.0	5836.5	7849.5	7498.0	5097.0	4133.0	3432.0	2846.0	1611.0	242.0	574.5	2003.5	3050.0	2279.0	1728.0	2250.0	1418.0	237.5	808.5	798.5	124.5	159.0	890.5	869.0	124.0	71.5	55.0	42.5	31.5	30.5	33.0	17.5	9.5	11.5	10.0	7.5	7.5	26.0	251.0	446.0	250.5	61.0	443.5	466.5	65.0	50.5	725.0	772.0	702.0	675.5	64.0	9.5	4.0	4.5	1.5	0.0	0.0	0.0	0.0	0.0	0.0	0.0	0.5	0.5	0.0	0.0	0.0	0.0	0.0
