Sample	1	2	3	4	5	6	7	8	9	12	17	22	27	32	37	42	47	52	57	62	67	72	77	82	87	92	97	102	107	112	117	122	127	132	137	142	147	150
C001_S1_L001_R1_001	0.15057807289447783	0.15057807289447783	0.15057807289447783	0.15057807289447783	0.15057807289447783	0.15057807289447783	0.15057807289447783	0.15057807289447783	0.15057807289447783	0.15057807289447783	0.15057807289447783	0.15057807289447783	0.15057807289447783	0.15057807289447783	0.030167466227153664	0.0	0.0	0.0	0.0	0.0	0.0	0.0	0.0	0.0	0.0	0.0	0.0	0.0	0.0	0.0	0.0	0.0	0.0	0.0	0.0	0.0	0.0	0.0
C001_S1_L001_R2_001	0.14617090978537114	0.14690543697022226	0.14617090978537114	0.14617090978537114	0.14617090978537114	0.14617090978537114	0.14617090978537114	0.14617090978537114	0.14617090978537114	0.14617090978537114	0.14617090978537114	0.14617090978537114	0.14617090978537114	0.14617090978537114	0.029283697221286157	0.0	0.0	0.0	0.0	0.0	0.0	0.0	0.0	0.0	0.0	0.0	0.0	0.0	0.0	0.0	0.0	0.0	0.0	0.0	0.0	0.0	0.0	0.0
C002_S2_L001_R1_001	0.043489320499881017	0.043489320499881017	0.043489320499881017	0.043489320499881017	0.043489320499881017	0.043489320499881017	0.043489320499881017	0.043489320499881017	0.043489320499881017	0.043489320499881017	0.043489320499881017	0.043489320499881017	0.043489320499881017	0.043489320499881017	0.008703606084641748	0.0	0.0	0.0	0.0	0.0	0.0	0.0	0.0	0.0	0.0	0.0	0.0	0.0	0.0	0.0	0.0	0.0	0.0	0.0	0.0	0.0	0.0	0.0
C002_S2_L001_R2_001	0.04266876728290213	0.04266876728290213	0.04266876728290213	0.04266876728290213	0.04266876728290213	0.04266876728290213	0.04266876728290213	0.04266876728290213	0.04266876728290213	0.04266876728290213	0.04266876728290213	0.04266876728290213	0.04266876728290213	0.04266876728290213	0.00853938710191266	0.0	0.0	0.0	0.0	0.0	0.0	0.0	0.0	0.0	0.0	0.0	0.0	0.0	0.0	0.0	0.0	0.0	0.0	0.0	0.0	0.0	0.0	0.0
C003_S3_L001_R1_001	0.06103203197290965	0.06103203197290965	0.06103203197290965	0.06103203197290965	0.06103203197290965	0.06103203197290965	0.06103203197290965	0.06103203197290965	0.06103203197290965	0.06103203197290965	0.06103203197290965	0.06103203197290965	0.06103203197290965	0.06103203197290965	0.012216050708432425	0.0	0.0	0.0	0.0	0.0	0.0	0.0	0.0	0.0	0.0	0.0	0.0	0.0	0.0	0.0	0.0	0.0	0.0	0.0	0.0	0.0	0.0	0.0
C003_S3_L001_R2_001	0.06300080719784222	0.06300080719784222	0.06300080719784222	0.06300080719784222	0.06300080719784222	0.06300080719784222	0.06300080719784222	0.06300080719784222	0.06300080719784222	0.06300080719784222	0.06300080719784222	0.06300080719784222	0.06300080719784222	0.06300080719784222	0.012610017476696097	0.0	0.0	0.0	0.0	0.0	0.0	0.0	0.0	0.0	0.0	0.0	0.0	0.0	0.0	0.0	0.0	0.0	0.0	0.0	0.0	0.0	0.0	0.0
C004_S4_L001_R1_001	0.06441312108981519	0.06441312108981519	0.06441312108981519	0.06441312108981519	0.06441312108981519	0.06441312108981519	0.06441312108981519	0.06441312108981519	0.06441312108981519	0.06441312108981519	0.06441312108981519	0.06441312108981519	0.06441312108981519	0.06441312108981519	0.012893986738397468	0.0	0.0	0.0	0.0	0.0	0.0	0.0	0.0	0.0	0.0	0.0	0.0	0.0	0.0	0.0	0.0	0.0	0.0	0.0	0.0	0.0	0.0	0.0
C004_S4_L001_R2_001	0.06509836705885577	0.06509836705885577	0.06509836705885577	0.06509836705885577	0.06509836705885577	0.06509836705885577	0.06509836705885577	0.06509836705885577	0.06509836705885577	0.06509836705885577	0.06509836705885577	0.06509836705885577	0.06509836705885577	0.06509836705885577	0.013031353436367903	0.0	0.0	0.0	0.0	0.0	0.0	0.0	0.0	0.0	0.0	0.0	0.0	0.0	0.0	0.0	0.0	0.0	0.0	0.0	0.0	0.0	0.0	0.0
C005_S5_L001_R1_001	0.0587228282506569	0.0587228282506569	0.0587228282506569	0.0587228282506569	0.0587228282506569	0.0587228282506569	0.0587228282506569	0.0587228282506569	0.0587228282506569	0.0587228282506569	0.0587228282506569	0.0587228282506569	0.0587228282506569	0.0587228282506569	0.011755282903833816	0.0	0.0	0.0	0.0	0.0	0.0	0.0	0.0	0.0	0.0	0.0	0.0	0.0	0.0	0.0	0.0	0.0	0.0	0.0	0.0	0.0	0.0	0.0
C005_S5_L001_R2_001	0.0587228282506569	0.0587228282506569	0.0587228282506569	0.0587228282506569	0.0587228282506569	0.0587228282506569	0.0587228282506569	0.0587228282506569	0.0587228282506569	0.0587228282506569	0.0587228282506569	0.0587228282506569	0.0587228282506569	0.0587228282506569	0.011755212639842201	0.0	0.0	0.0	0.0	0.0	0.0	0.0	0.0	0.0	0.0	0.0	0.0	0.0	0.0	0.0	0.0	0.0	0.0	0.0	0.0	0.0	0.0	0.0
C006_S6_L001_R1_001	0.41265761954012187	0.41265761954012187	0.41265761954012187	0.41265761954012187	0.41265761954012187	0.41265761954012187	0.41265761954012187	0.41265761954012187	0.41265761954012187	0.41265761954012187	0.41265761954012187	0.41265761954012187	0.41265761954012187	0.41265761954012187	0.08289385599133707	0.0	0.0	0.0	0.0	0.0	0.0	0.0	0.0	0.0	0.0	0.0	0.0	0.0	0.0	0.0	0.0	0.0	0.0	0.0	0.0	0.0	0.0	0.0
C006_S6_L001_R2_001	0.41370232237440063	0.41370232237440063	0.41370232237440063	0.41370232237440063	0.41370232237440063	0.41370232237440063	0.41370232237440063	0.41370232237440063	0.41370232237440063	0.41370232237440063	0.41370232237440063	0.41370232237440063	0.41370232237440063	0.41370232237440063	0.083102841865365	0.0	0.0	0.0	0.0	0.0	0.0	0.0	0.0	0.0	0.0	0.0	0.0	0.0	0.0	0.0	0.0	0.0	0.0	0.0	0.0	0.0	0.0	0.0
C007_S7_L001_R1_001	0.07810022666682326	0.07810022666682326	0.07810022666682326	0.07810022666682326	0.07810022666682326	0.07810022666682326	0.07810022666682326	0.07810022666682326	0.07810022666682326	0.07810022666682326	0.07810022666682326	0.07810022666682326	0.07810022666682326	0.07810022666682326	0.015635856192445646	0.0	0.0	0.0	0.0	0.0	0.0	0.0	0.0	0.0	0.0	0.0	0.0	0.0	0.0	0.0	0.0	0.0	0.0	0.0	0.0	0.0	0.0	0.0
C007_S7_L001_R2_001	0.07575134766932481	0.07575134766932481	0.07575134766932481	0.07575134766932481	0.07575134766932481	0.07575134766932481	0.07575134766932481	0.07575134766932481	0.07575134766932481	0.07575134766932481	0.07575134766932481	0.07575134766932481	0.07575134766932481	0.07575134766932481	0.015165194819851593	0.0	0.0	0.0	0.0	0.0	0.0	0.0	0.0	0.0	0.0	0.0	0.0	0.0	0.0	0.0	0.0	0.0	0.0	0.0	0.0	0.0	0.0	0.0
C008_S8_L001_R1_001	0.05453627883503997	0.05453627883503997	0.05453627883503997	0.05453627883503997	0.05453627883503997	0.05453627883503997	0.05453627883503997	0.05453627883503997	0.05453627883503997	0.05453627883503997	0.05453627883503997	0.05453627883503997	0.05453627883503997	0.05453627883503997	0.010916194581983065	0.0	0.0	0.0	0.0	0.0	0.0	0.0	0.0	0.0	0.0	0.0	0.0	0.0	0.0	0.0	0.0	0.0	0.0	0.0	0.0	0.0	0.0	0.0
C008_S8_L001_R2_001	0.057792176078922945	0.057792176078922945	0.057792176078922945	0.057792176078922945	0.057792176078922945	0.057792176078922945	0.057792176078922945	0.057792176078922945	0.057792176078922945	0.057792176078922945	0.057792176078922945	0.057792176078922945	0.057792176078922945	0.057792176078922945	0.01156830350014501	0.0	0.0	0.0	0.0	0.0	0.0	0.0	0.0	0.0	0.0	0.0	0.0	0.0	0.0	0.0	0.0	0.0	0.0	0.0	0.0	0.0	0.0	0.0
C009_S9_L001_R1_001	0.050877511763858164	0.050877511763858164	0.050877511763858164	0.050877511763858164	0.050877511763858164	0.050877511763858164	0.050877511763858164	0.050877511763858164	0.050877511763858164	0.050877511763858164	0.050877511763858164	0.050877511763858164	0.050877511763858164	0.050877511763858164	0.010182925215819701	0.0	0.0	0.0	0.0	0.0	0.0	0.0	0.0	0.0	0.0	0.0	0.0	0.0	0.0	0.0	0.0	0.0	0.0	0.0	0.0	0.0	0.0	0.0
C009_S9_L001_R2_001	0.0525065946528487	0.0525065946528487	0.0525065946528487	0.0525065946528487	0.0525065946528487	0.0525065946528487	0.0525065946528487	0.052569251687040644	0.0525065946528487	0.0525065946528487	0.0525065946528487	0.0525065946528487	0.0525065946528487	0.0525065946528487	0.010509154752947078	0.0	0.0	0.0	0.0	0.0	0.0	0.0	0.0	0.0	0.0	0.0	0.0	0.0	0.0	0.0	0.0	0.0	0.0	0.0	0.0	0.0	0.0	0.0
C010_S10_L001_R1_001	0.08434233255208545	0.08434233255208545	0.08434233255208545	0.08434233255208545	0.08434233255208545	0.08434233255208545	0.08434233255208545	0.08434233255208545	0.08434233255208545	0.08434233255208545	0.08434233255208545	0.08434233255208545	0.08434233255208545	0.08434233255208545	0.01688566618012135	0.0	0.0	0.0	0.0	0.0	0.0	0.0	0.0	0.0	0.0	0.0	0.0	0.0	0.0	0.0	0.0	0.0	0.0	0.0	0.0	0.0	0.0	0.0
C010_S10_L001_R2_001	0.08434233255208545	0.08434233255208545	0.08434233255208545	0.08434233255208545	0.08434233255208545	0.08434233255208545	0.08434233255208545	0.08434233255208545	0.08434233255208545	0.08434233255208545	0.08434233255208545	0.08434233255208545	0.08434233255208545	0.08434233255208545	0.01688558393271744	0.0	0.0	0.0	0.0	0.0	0.0	0.0	0.0	0.0	0.0	0.0	0.0	0.0	0.0	0.0	0.0	0.0	0.0	0.0	0.0	0.0	0.0	0.0
C011_S11_L001_R1_001	0.060288978357278616	0.060288978357278616	0.060288978357278616	0.060288978357278616	0.060288978357278616	0.060288978357278616	0.060288978357278616	0.060288978357278616	0.060288978357278616	0.060288978357278616	0.060288978357278616	0.060288978357278616	0.060288978357278616	0.060288978357278616	0.012067660714650957	0.0	0.0	0.0	0.0	0.0	0.0	0.0	0.0	0.0	0.0	0.0	0.0	0.0	0.0	0.0	0.0	0.0	0.0	0.0	0.0	0.0	0.0	0.0
C011_S11_L001_R2_001	0.06131082544807995	0.06131082544807995	0.06131082544807995	0.06131082544807995	0.06131082544807995	0.06131082544807995	0.06131082544807995	0.06131082544807995	0.06131082544807995	0.06131082544807995	0.06131082544807995	0.06131082544807995	0.06131082544807995	0.06131082544807995	0.012272272640808986	0.0	0.0	0.0	0.0	0.0	0.0	0.0	0.0	0.0	0.0	0.0	0.0	0.0	0.0	0.0	0.0	0.0	0.0	0.0	0.0	0.0	0.0	0.0
C012_S12_L001_R1_001	0.5865241349951517	0.5865241349951517	0.5865241349951517	0.5865241349951517	0.5865241349951517	0.5865241349951517	0.5865241349951517	0.5865241349951517	0.5865241349951517	0.5865241349951517	0.5865241349951517	0.5865241349951517	0.5865241349951517	0.5865241349951517	0.11817758723936203	0.0	0.0	0.0	0.0	0.0	0.0	0.0	0.0	0.0	0.0	0.0	0.0	0.0	0.0	0.0	0.0	0.0	0.0	0.0	0.0	0.0	0.0	0.0
C012_S12_L001_R2_001	0.5881008127773968	0.5881008127773968	0.5881008127773968	0.5881008127773968	0.5881008127773968	0.5881008127773968	0.5881008127773968	0.5881008127773968	0.5881008127773968	0.5881008127773968	0.5881008127773968	0.5881008127773968	0.5881008127773968	0.5881008127773968	0.11850242167482364	0.0	0.0	0.0	0.0	0.0	0.0	0.0	0.0	0.0	0.0	0.0	0.0	0.0	0.0	0.0	0.0	0.0	0.0	0.0	0.0	0.0	0.0	0.0
C013_S13_L001_R1_001	0.7499745965772575	0.7499745965772575	0.7499745965772575	0.7499745965772575	0.7499745965772575	0.7499745965772575	0.7499745965772575	0.7499745965772575	0.7499745965772575	0.7499745965772575	0.7499745965772575	0.7499745965772575	0.7499745965772575	0.7499745965772575	0.15134427183759594	0.0	0.0	0.0	0.0	0.0	0.0	0.0	0.0	0.0	0.0	0.0	0.0	0.0	0.0	0.0	0.0	0.0	0.0	0.0	0.0	0.0	0.0	0.0
C013_S13_L001_R2_001	0.7507940618270142	0.7507940618270142	0.7507940618270142	0.7507940618270142	0.7507940618270142	0.7507940618270142	0.7507940618270142	0.7507940618270142	0.7507940618270142	0.7507940618270142	0.7507940618270142	0.7507940618270142	0.7507940618270142	0.7507940618270142	0.15151079179519947	0.0	0.0	0.0	0.0	0.0	0.0	0.0	0.0	0.0	0.0	0.0	0.0	0.0	0.0	0.0	0.0	0.0	0.0	0.0	0.0	0.0	0.0	0.0
C014_S14_L001_R1_001	0.12392564461323205	0.12392564461323205	0.12392564461323205	0.12392564461323205	0.12392564461323205	0.12392564461323205	0.12392564461323205	0.12392564461323205	0.12392564461323205	0.12392564461323205	0.12392564461323205	0.12392564461323205	0.12392564461323205	0.12392564461323205	0.02481782912844587	0.0	0.0	0.0	0.0	0.0	0.0	0.0	0.0	0.0	0.0	0.0	0.0	0.0	0.0	0.0	0.0	0.0	0.0	0.0	0.0	0.0	0.0	0.0
C014_S14_L001_R2_001	0.12232660403757745	0.12232660403757745	0.12232660403757745	0.12232660403757745	0.12232660403757745	0.12232660403757745	0.12232660403757745	0.12232660403757745	0.12232660403757745	0.12232660403757745	0.12232660403757745	0.12232660403757745	0.12232660403757745	0.1224865080951429	0.024497324507891983	0.0	0.0	0.0	0.0	0.0	0.0	0.0	0.0	0.0	0.0	0.0	0.0	0.0	0.0	0.0	0.0	0.0	0.0	0.0	0.0	0.0	0.0	0.0
C016_S15_L001_R1_001	0.2721235744189404	0.2721235744189404	0.2721235744189404	0.2721235744189404	0.2721235744189404	0.2721235744189404	0.2721235744189404	0.2721235744189404	0.2721235744189404	0.2721235744189404	0.2721235744189404	0.2721235744189404	0.2721235744189404	0.2721235744189404	0.0545493744185138	0.0	0.0	0.0	0.0	0.0	0.0	0.0	0.0	0.0	0.0	0.0	0.0	0.0	0.0	0.0	0.0	0.0	0.0	0.0	0.0	0.0	0.0	0.0
C016_S15_L001_R2_001	0.27645445358741155	0.27645445358741155	0.27645445358741155	0.27645445358741155	0.27645445358741155	0.27645445358741155	0.27645445358741155	0.27645445358741155	0.27645445358741155	0.27645445358741155	0.27645445358741155	0.27645445358741155	0.27645445358741155	0.27645445358741155	0.055419057789199214	0.0	0.0	0.0	0.0	0.0	0.0	0.0	0.0	0.0	0.0	0.0	0.0	0.0	0.0	0.0	0.0	0.0	0.0	0.0	0.0	0.0	0.0	0.0
C017_S16_L001_R1_001	0.05052078509300035	0.05052078509300035	0.05052078509300035	0.05052078509300035	0.05052078509300035	0.05052078509300035	0.05052078509300035	0.05052078509300035	0.05052078509300035	0.05052078509300035	0.05052078509300035	0.05052078509300035	0.05052078509300035	0.05052078509300035	0.010112416361889674	0.0	0.0	0.0	0.0	0.0	0.0	0.0	0.0	0.0	0.0	0.0	0.0	0.0	0.0	0.0	0.0	0.0	0.0	0.0	0.0	0.0	0.0	0.0
C017_S16_L001_R2_001	0.05136279817788368	0.05136279817788368	0.05136279817788368	0.05136279817788368	0.05136279817788368	0.05136279817788368	0.05136279817788368	0.05136279817788368	0.05136279817788368	0.05136279817788368	0.05136279817788368	0.05136279817788368	0.05136279817788368	0.05136279817788368	0.010280887324845701	0.0	0.0	0.0	0.0	0.0	0.0	0.0	0.0	0.0	0.0	0.0	0.0	0.0	0.0	0.0	0.0	0.0	0.0	0.0	0.0	0.0	0.0	0.0
C018_S17_L001_R1_001	0.04120927919286653	0.04120927919286653	0.04120927919286653	0.04120927919286653	0.04120927919286653	0.04120927919286653	0.04120927919286653	0.04120927919286653	0.04120927919286653	0.04120927919286653	0.04120927919286653	0.04120927919286653	0.04120927919286653	0.04120927919286653	0.008247000509038998	0.0	0.0	0.0	0.0	0.0	0.0	0.0	0.0	0.0	0.0	0.0	0.0	0.0	0.0	0.0	0.0	0.0	0.0	0.0	0.0	0.0	0.0	0.0
C018_S17_L001_R2_001	0.04191978400653665	0.04191978400653665	0.04191978400653665	0.04191978400653665	0.04191978400653665	0.04191978400653665	0.04191978400653665	0.04191978400653665	0.04191978400653665	0.04191978400653665	0.04191978400653665	0.04191978400653665	0.04191978400653665	0.04191978400653665	0.008389404892587179	0.0	0.0	0.0	0.0	0.0	0.0	0.0	0.0	0.0	0.0	0.0	0.0	0.0	0.0	0.0	0.0	0.0	0.0	0.0	0.0	0.0	0.0	0.0
C020_S18_L001_R1_001	0.03816099036522519	0.03816099036522519	0.03816099036522519	0.03816099036522519	0.03816099036522519	0.03816099036522519	0.03816099036522519	0.03816099036522519	0.03816099036522519	0.03816099036522519	0.03816099036522519	0.03816099036522519	0.03816099036522519	0.03816099036522519	0.007636497131759701	0.0	0.0	0.0	0.0	0.0	0.0	0.0	0.0	0.0	0.0	0.0	0.0	0.0	0.0	0.0	0.0	0.0	0.0	0.0	0.0	0.0	0.0	0.0
C020_S18_L001_R2_001	0.03816099036522519	0.03816099036522519	0.03816099036522519	0.03816099036522519	0.03816099036522519	0.03816099036522519	0.03816099036522519	0.03816099036522519	0.03816099036522519	0.03816099036522519	0.03816099036522519	0.03816099036522519	0.03816099036522519	0.03816099036522519	0.007636470381354121	0.0	0.0	0.0	0.0	0.0	0.0	0.0	0.0	0.0	0.0	0.0	0.0	0.0	0.0	0.0	0.0	0.0	0.0	0.0	0.0	0.0	0.0	0.0
C021_S19_L001_R1_001	0.07363129463897237	0.07363129463897237	0.07363129463897237	0.07363129463897237	0.07363129463897237	0.07363129463897237	0.07363129463897237	0.07363129463897237	0.07363129463897237	0.07363129463897237	0.07363129463897237	0.07363129463897237	0.07363129463897237	0.07363129463897237	0.014739973468047757	0.0	0.0	0.0	0.0	0.0	0.0	0.0	0.0	0.0	0.0	0.0	0.0	0.0	0.0	0.0	0.0	0.0	0.0	0.0	0.0	0.0	0.0	0.0
C021_S19_L001_R2_001	0.0722925438273547	0.0722925438273547	0.0722925438273547	0.0722925438273547	0.0722925438273547	0.0722925438273547	0.0722925438273547	0.0722925438273547	0.0722925438273547	0.0722925438273547	0.0722925438273547	0.0722925438273547	0.0722925438273547	0.0722925438273547	0.014471973950446889	0.0	0.0	0.0	0.0	0.0	0.0	0.0	0.0	0.0	0.0	0.0	0.0	0.0	0.0	0.0	0.0	0.0	0.0	0.0	0.0	0.0	0.0	0.0
C022_S20_L001_R1_001	0.050114547537227945	0.050114547537227945	0.050114547537227945	0.050114547537227945	0.050114547537227945	0.050114547537227945	0.050114547537227945	0.050114547537227945	0.050114547537227945	0.050114547537227945	0.050114547537227945	0.050114547537227945	0.050114547537227945	0.050114547537227945	0.01003010333611658	0.0	0.0	0.0	0.0	0.0	0.0	0.0	0.0	0.0	0.0	0.0	0.0	0.0	0.0	0.0	0.0	0.0	0.0	0.0	0.0	0.0	0.0	0.0
C022_S20_L001_R2_001	0.051416224096636466	0.051416224096636466	0.051416224096636466	0.05206706237634072	0.051416224096636466	0.051416224096636466	0.051416224096636466	0.051416224096636466	0.051416224096636466	0.051416224096636466	0.051416224096636466	0.051416224096636466	0.051416224096636466	0.051416224096636466	0.01029077295428552	0.0	0.0	0.0	0.0	0.0	0.0	0.0	0.0	0.0	0.0	0.0	0.0	0.0	0.0	0.0	0.0	0.0	0.0	0.0	0.0	0.0	0.0	0.0
C023_S21_L001_R1_001	0.044290018526951414	0.044290018526951414	0.044290018526951414	0.044290018526951414	0.044290018526951414	0.044290018526951414	0.044290018526951414	0.044290018526951414	0.044290018526951414	0.044290018526951414	0.044290018526951414	0.044290018526951414	0.044290018526951414	0.044290018526951414	0.008864628384789797	0.0	0.0	0.0	0.0	0.0	0.0	0.0	0.0	0.0	0.0	0.0	0.0	0.0	0.0	0.0	0.0	0.0	0.0	0.0	0.0	0.0	0.0	0.0
C023_S21_L001_R2_001	0.045537624682640186	0.045537624682640186	0.045537624682640186	0.045537624682640186	0.045537624682640186	0.045537624682640186	0.045537624682640186	0.045537624682640186	0.045537624682640186	0.045537624682640186	0.045537624682640186	0.045537624682640186	0.045537624682640186	0.045537624682640186	0.009114450024097108	0.0	0.0	0.0	0.0	0.0	0.0	0.0	0.0	0.0	0.0	0.0	0.0	0.0	0.0	0.0	0.0	0.0	0.0	0.0	0.0	0.0	0.0	0.0
C026_S22_L001_R1_001	0.05476922595435376	0.05476922595435376	0.05476922595435376	0.05476922595435376	0.05476922595435376	0.05476922595435376	0.05476922595435376	0.05476922595435376	0.05476922595435376	0.05476922595435376	0.05476922595435376	0.05476922595435376	0.05476922595435376	0.05476922595435376	0.010962473885821137	0.0	0.0	0.0	0.0	0.0	0.0	0.0	0.0	0.0	0.0	0.0	0.0	0.0	0.0	0.0	0.0	0.0	0.0	0.0	0.0	0.0	0.0	0.0
C026_S22_L001_R2_001	0.05555164346798738	0.05555164346798738	0.05555164346798738	0.05555164346798738	0.05555164346798738	0.05555164346798738	0.05555164346798738	0.05555164346798738	0.05555164346798738	0.05555164346798738	0.05555164346798738	0.05555164346798738	0.05555164346798738	0.05555164346798738	0.011119011003122719	0.0	0.0	0.0	0.0	0.0	0.0	0.0	0.0	0.0	0.0	0.0	0.0	0.0	0.0	0.0	0.0	0.0	0.0	0.0	0.0	0.0	0.0	0.0
C027_S23_L001_R1_001	0.0473751889367654	0.0473751889367654	0.0473751889367654	0.0473751889367654	0.0473751889367654	0.0473751889367654	0.0473751889367654	0.0473751889367654	0.0473751889367654	0.0473751889367654	0.0473751889367654	0.0473751889367654	0.0473751889367654	0.0473751889367654	0.009482054083830389	0.0	0.0	0.0	0.0	0.0	0.0	0.0	0.0	0.0	0.0	0.0	0.0	0.0	0.0	0.0	0.0	0.0	0.0	0.0	0.0	0.0	0.0	0.0
C027_S23_L001_R2_001	0.0462472082477948	0.0462472082477948	0.0462472082477948	0.0462472082477948	0.0462472082477948	0.0462472082477948	0.0462472082477948	0.0462472082477948	0.0462472082477948	0.0462472082477948	0.0462472082477948	0.0462472082477948	0.0462472082477948	0.0462472082477948	0.009256144612585195	0.0	0.0	0.0	0.0	0.0	0.0	0.0	0.0	0.0	0.0	0.0	0.0	0.0	0.0	0.0	0.0	0.0	0.0	0.0	0.0	0.0	0.0	0.0
C028_S24_L001_R1_001	0.06301820113927023	0.06301820113927023	0.06301820113927023	0.06301820113927023	0.06301820113927023	0.06301820113927023	0.06301820113927023	0.06301820113927023	0.06301820113927023	0.06301820113927023	0.06301820113927023	0.06301820113927023	0.06301820113927023	0.06301820113927023	0.012615331337967202	0.0	0.0	0.0	0.0	0.0	0.0	0.0	0.0	0.0	0.0	0.0	0.0	0.0	0.0	0.0	0.0	0.0	0.0	0.0	0.0	0.0	0.0	0.0
C028_S24_L001_R2_001	0.0654895031447318	0.0654895031447318	0.0654895031447318	0.0654895031447318	0.0654895031447318	0.0654895031447318	0.0654895031447318	0.0654895031447318	0.0654895031447318	0.0654895031447318	0.0654895031447318	0.0654895031447318	0.0654895031447318	0.0654895031447318	0.013110374511453025	0.0	0.0	0.0	0.0	0.0	0.0	0.0	0.0	0.0	0.0	0.0	0.0	0.0	0.0	0.0	0.0	0.0	0.0	0.0	0.0	0.0	0.0	0.0
C029_S25_L001_R1_001	0.06707826253610591	0.06707826253610591	0.06707826253610591	0.06707826253610591	0.06707826253610591	0.06707826253610591	0.06707826253610591	0.06707826253610591	0.06707826253610591	0.06707826253610591	0.06707826253610591	0.06707826253610591	0.06707826253610591	0.06707826253610591	0.013426607151175376	0.0	0.0	0.0	0.0	0.0	0.0	0.0	0.0	0.0	0.0	0.0	0.0	0.0	0.0	0.0	0.0	0.0	0.0	0.0	0.0	0.0	0.0	0.0
C029_S25_L001_R2_001	0.06570931840271597	0.06570931840271597	0.06570931840271597	0.06570931840271597	0.06570931840271597	0.06570931840271597	0.06570931840271597	0.06570931840271597	0.06570931840271597	0.06570931840271597	0.06570931840271597	0.06570931840271597	0.06570931840271597	0.06570931840271597	0.013152396544755826	0.0	0.0	0.0	0.0	0.0	0.0	0.0	0.0	0.0	0.0	0.0	0.0	0.0	0.0	0.0	0.0	0.0	0.0	0.0	0.0	0.0	0.0	0.0
C030_S26_L001_R1_001	0.15757337010045303	0.15757337010045303	0.15757337010045303	0.15757337010045303	0.15757337010045303	0.15757337010045303	0.15757337010045303	0.15757337010045303	0.15757337010045303	0.15757337010045303	0.15757337010045303	0.15757337010045303	0.15757337010045303	0.15757337010045303	0.03156664260806232	0.0	0.0	0.0	0.0	0.0	0.0	0.0	0.0	0.0	0.0	0.0	0.0	0.0	0.0	0.0	0.0	0.0	0.0	0.0	0.0	0.0	0.0	0.0
C030_S26_L001_R2_001	0.15429059155669358	0.15429059155669358	0.15429059155669358	0.15429059155669358	0.15429059155669358	0.15429059155669358	0.15429059155669358	0.15429059155669358	0.15429059155669358	0.15429059155669358	0.15429059155669358	0.15429059155669358	0.15429059155669358	0.15429059155669358	0.030907835465097164	0.0	0.0	0.0	0.0	0.0	0.0	0.0	0.0	0.0	0.0	0.0	0.0	0.0	0.0	0.0	0.0	0.0	0.0	0.0	0.0	0.0	0.0	0.0
C031_S27_L001_R1_001	0.0439441831778583	0.0439441831778583	0.0439441831778583	0.0439441831778583	0.0439441831778583	0.0439441831778583	0.0439441831778583	0.0439441831778583	0.0439441831778583	0.0439441831778583	0.0439441831778583	0.0439441831778583	0.0439441831778583	0.0439441831778583	0.008794450547415974	0.0	0.0	0.0	0.0	0.0	0.0	0.0	0.0	0.0	0.0	0.0	0.0	0.0	0.0	0.0	0.0	0.0	0.0	0.0	0.0	0.0	0.0	0.0
C031_S27_L001_R2_001	0.04317323259579061	0.04317323259579061	0.04317323259579061	0.04317323259579061	0.04317323259579061	0.04317323259579061	0.04317323259579061	0.04317323259579061	0.04317323259579061	0.04317323259579061	0.04317323259579061	0.04317323259579061	0.04317323259579061	0.04317323259579061	0.00864017527212695	0.0	0.0	0.0	0.0	0.0	0.0	0.0	0.0	0.0	0.0	0.0	0.0	0.0	0.0	0.0	0.0	0.0	0.0	0.0	0.0	0.0	0.0	0.0
C032_S28_L001_R1_001	0.037804386952555495	0.037804386952555495	0.037804386952555495	0.037804386952555495	0.037804386952555495	0.037804386952555495	0.037804386952555495	0.037804386952555495	0.037804386952555495	0.037804386952555495	0.037804386952555495	0.037804386952555495	0.037804386952555495	0.037804386952555495	0.0075649682764699884	0.0	0.0	0.0	0.0	0.0	0.0	0.0	0.0	0.0	0.0	0.0	0.0	0.0	0.0	0.0	0.0	0.0	0.0	0.0	0.0	0.0	0.0	0.0
C032_S28_L001_R2_001	0.03862622145152409	0.03862622145152409	0.03862622145152409	0.03862622145152409	0.03862622145152409	0.03862622145152409	0.03862622145152409	0.03862622145152409	0.03862622145152409	0.03862622145152409	0.03862622145152409	0.03862622145152409	0.03862622145152409	0.03862622145152409	0.007729576649442319	0.0	0.0	0.0	0.0	0.0	0.0	0.0	0.0	0.0	0.0	0.0	0.0	0.0	0.0	0.0	0.0	0.0	0.0	0.0	0.0	0.0	0.0	0.0
C033_S29_L001_R1_001	0.05170408031367142	0.05170408031367142	0.05170408031367142	0.05170408031367142	0.05170408031367142	0.05170408031367142	0.05170408031367142	0.05170408031367142	0.05170408031367142	0.05170408031367142	0.05170408031367142	0.05170408031367142	0.05170408031367142	0.05170408031367142	0.010348190748200061	0.0	0.0	0.0	0.0	0.0	0.0	0.0	0.0	0.0	0.0	0.0	0.0	0.0	0.0	0.0	0.0	0.0	0.0	0.0	0.0	0.0	0.0	0.0
C033_S29_L001_R2_001	0.05256581498556595	0.05256581498556595	0.05256581498556595	0.05256581498556595	0.05256581498556595	0.05256581498556595	0.05256581498556595	0.05256581498556595	0.05256581498556595	0.05256581498556595	0.05256581498556595	0.05256581498556595	0.05256581498556595	0.05256581498556595	0.010520751319621288	0.0	0.0	0.0	0.0	0.0	0.0	0.0	0.0	0.0	0.0	0.0	0.0	0.0	0.0	0.0	0.0	0.0	0.0	0.0	0.0	0.0	0.0	0.0
C034_S30_L001_R1_001	0.052348740767399815	0.052348740767399815	0.052348740767399815	0.052348740767399815	0.052348740767399815	0.052348740767399815	0.052348740767399815	0.052348740767399815	0.052348740767399815	0.052348740767399815	0.052348740767399815	0.052348740767399815	0.052348740767399815	0.052348740767399815	0.010477975786052831	0.0	0.0	0.0	0.0	0.0	0.0	0.0	0.0	0.0	0.0	0.0	0.0	0.0	0.0	0.0	0.0	0.0	0.0	0.0	0.0	0.0	0.0	0.0
C034_S30_L001_R2_001	0.05316668984189045	0.05316668984189045	0.05316668984189045	0.05316668984189045	0.05316668984189045	0.05316668984189045	0.05316668984189045	0.05316668984189045	0.05316668984189045	0.05316668984189045	0.05316668984189045	0.05316668984189045	0.05316668984189045	0.05316668984189045	0.010641903230718099	0.0	0.0	0.0	0.0	0.0	0.0	0.0	0.0	0.0	0.0	0.0	0.0	0.0	0.0	0.0	0.0	0.0	0.0	0.0	0.0	0.0	0.0	0.0
C035_S31_L001_R1_001	0.06788429657577316	0.06788429657577316	0.06788429657577316	0.06788429657577316	0.06788429657577316	0.06788429657577316	0.06788429657577316	0.06788429657577316	0.06788429657577316	0.06788429657577316	0.06788429657577316	0.06788429657577316	0.06788429657577316	0.06788429657577316	0.013588530707933841	0.0	0.0	0.0	0.0	0.0	0.0	0.0	0.0	0.0	0.0	0.0	0.0	0.0	0.0	0.0	0.0	0.0	0.0	0.0	0.0	0.0	0.0	0.0
C035_S31_L001_R2_001	0.06931343966157891	0.06931343966157891	0.06931343966157891	0.06931343966157891	0.06931343966157891	0.06931343966157891	0.06931343966157891	0.06931343966157891	0.06931343966157891	0.06931343966157891	0.06931343966157891	0.06931343966157891	0.06931343966157891	0.06931343966157891	0.01387492257936241	0.0	0.0	0.0	0.0	0.0	0.0	0.0	0.0	0.0	0.0	0.0	0.0	0.0	0.0	0.0	0.0	0.0	0.0	0.0	0.0	0.0	0.0	0.0
C036_S32_L001_R1_001	0.062002090768177066	0.062002090768177066	0.062002090768177066	0.062002090768177066	0.062002090768177066	0.062002090768177066	0.062002090768177066	0.062002090768177066	0.062002090768177066	0.062002090768177066	0.062002090768177066	0.062002090768177066	0.062002090768177066	0.062002090768177066	0.012410206384618271	0.0	0.0	0.0	0.0	0.0	0.0	0.0	0.0	0.0	0.0	0.0	0.0	0.0	0.0	0.0	0.0	0.0	0.0	0.0	0.0	0.0	0.0	0.0
C036_S32_L001_R2_001	0.06632781803107314	0.06632781803107314	0.06632781803107314	0.06632781803107314	0.06632781803107314	0.06632781803107314	0.06632781803107314	0.06632781803107314	0.06632781803107314	0.06632781803107314	0.06632781803107314	0.06632781803107314	0.06632781803107314	0.06632781803107314	0.013276513702949551	0.0	0.0	0.0	0.0	0.0	0.0	0.0	0.0	0.0	0.0	0.0	0.0	0.0	0.0	0.0	0.0	0.0	0.0	0.0	0.0	0.0	0.0	0.0
C037_S33_L001_R1_001	0.10414627461728201	0.10414627461728201	0.10414627461728201	0.10414627461728201	0.10414627461728201	0.10414627461728201	0.10414627461728201	0.10414627461728201	0.10414627461728201	0.10414627461728201	0.10414627461728201	0.10414627461728201	0.10414627461728201	0.10414627461728201	0.020854141742308662	0.0	0.0	0.0	0.0	0.0	0.0	0.0	0.0	0.0	0.0	0.0	0.0	0.0	0.0	0.0	0.0	0.0	0.0	0.0	0.0	0.0	0.0	0.0
C037_S33_L001_R2_001	0.10492932931365256	0.10492932931365256	0.10492932931365256	0.10492932931365256	0.10492932931365256	0.10492932931365256	0.10492932931365256	0.10492932931365256	0.10492932931365256	0.10492932931365256	0.10492932931365256	0.10492932931365256	0.10492932931365256	0.10492932931365256	0.021011203361792536	0.0	0.0	0.0	0.0	0.0	0.0	0.0	0.0	0.0	0.0	0.0	0.0	0.0	0.0	0.0	0.0	0.0	0.0	0.0	0.0	0.0	0.0	0.0
C038_S34_L001_R1_001	0.13419106348978715	0.13419106348978715	0.13419106348978715	0.13419106348978715	0.13419106348978715	0.13419106348978715	0.13419106348978715	0.13419106348978715	0.13419106348978715	0.13419106348978715	0.13419106348978715	0.13419106348978715	0.13419106348978715	0.13419106348978715	0.026878852293525272	0.0	0.0	0.0	0.0	0.0	0.0	0.0	0.0	0.0	0.0	0.0	0.0	0.0	0.0	0.0	0.0	0.0	0.0	0.0	0.0	0.0	0.0	0.0
C038_S34_L001_R2_001	0.13419106348978715	0.13419106348978715	0.13419106348978715	0.13419106348978715	0.13419106348978715	0.13419106348978715	0.13419106348978715	0.13419106348978715	0.13419106348978715	0.13419106348978715	0.13419106348978715	0.13419106348978715	0.13419106348978715	0.13419106348978715	0.026878190502765784	0.0	0.0	0.0	0.0	0.0	0.0	0.0	0.0	0.0	0.0	0.0	0.0	0.0	0.0	0.0	0.0	0.0	0.0	0.0	0.0	0.0	0.0	0.0
C039_S35_L001_R1_001	0.06368140658248295	0.06368140658248295	0.06368140658248295	0.06368140658248295	0.06368140658248295	0.06368140658248295	0.06368140658248295	0.06368140658248295	0.06368140658248295	0.06368140658248295	0.06368140658248295	0.06368140658248295	0.06368140658248295	0.06368140658248295	0.012746180032020892	0.0	0.0	0.0	0.0	0.0	0.0	0.0	0.0	0.0	0.0	0.0	0.0	0.0	0.0	0.0	0.0	0.0	0.0	0.0	0.0	0.0	0.0	0.0
C039_S35_L001_R2_001	0.06290480406318438	0.06290480406318438	0.06290480406318438	0.06290480406318438	0.06290480406318438	0.06290480406318438	0.06290480406318438	0.06290480406318438	0.06290480406318438	0.06290480406318438	0.06290480406318438	0.06290480406318438	0.06290480406318438	0.06290480406318438	0.012590562673800283	0.0	0.0	0.0	0.0	0.0	0.0	0.0	0.0	0.0	0.0	0.0	0.0	0.0	0.0	0.0	0.0	0.0	0.0	0.0	0.0	0.0	0.0	0.0
C040_S36_L001_R1_001	0.0775278894575792	0.0775278894575792	0.0775278894575792	0.0775278894575792	0.0775278894575792	0.0775278894575792	0.0775278894575792	0.0775278894575792	0.0775278894575792	0.0775278894575792	0.0775278894575792	0.0775278894575792	0.0775278894575792	0.0775278894575792	0.01552065620785043	0.0	0.0	0.0	0.0	0.0	0.0	0.0	0.0	0.0	0.0	0.0	0.0	0.0	0.0	0.0	0.0	0.0	0.0	0.0	0.0	0.0	0.0	0.0
C040_S36_L001_R2_001	0.07958615200955034	0.07958615200955034	0.07958615200955034	0.07958615200955034	0.07958615200955034	0.07958615200955034	0.07958615200955034	0.07958615200955034	0.07958615200955034	0.07958615200955034	0.07958615200955034	0.07958615200955034	0.07958615200955034	0.07958615200955034	0.015932884099256372	0.0	0.0	0.0	0.0	0.0	0.0	0.0	0.0	0.0	0.0	0.0	0.0	0.0	0.0	0.0	0.0	0.0	0.0	0.0	0.0	0.0	0.0	0.0
C041_S37_L001_R1_001	0.08235816205367674	0.08235816205367674	0.08235816205367674	0.08235816205367674	0.08235816205367674	0.08235816205367674	0.08235816205367674	0.08235816205367674	0.08235816205367674	0.08235816205367674	0.08235816205367674	0.08235816205367674	0.08235816205367674	0.08235816205367674	0.016487980182408286	0.0	0.0	0.0	0.0	0.0	0.0	0.0	0.0	0.0	0.0	0.0	0.0	0.0	0.0	0.0	0.0	0.0	0.0	0.0	0.0	0.0	0.0	0.0
C041_S37_L001_R2_001	0.08275795895684993	0.08275795895684993	0.08275795895684993	0.08275795895684993	0.08275795895684993	0.08275795895684993	0.08275795895684993	0.08275795895684993	0.08275795895684993	0.08275795895684993	0.08275795895684993	0.08275795895684993	0.08275795895684993	0.08275795895684993	0.016568191313785535	0.0	0.0	0.0	0.0	0.0	0.0	0.0	0.0	0.0	0.0	0.0	0.0	0.0	0.0	0.0	0.0	0.0	0.0	0.0	0.0	0.0	0.0	0.0
C042_S38_L001_R1_001	0.05567264484829204	0.05567264484829204	0.05567264484829204	0.05567264484829204	0.05567264484829204	0.05567264484829204	0.05567264484829204	0.05567264484829204	0.05567264484829204	0.05567264484829204	0.05567264484829204	0.05567264484829204	0.05567264484829204	0.05567264484829204	0.011143495051094252	0.0	0.0	0.0	0.0	0.0	0.0	0.0	0.0	0.0	0.0	0.0	0.0	0.0	0.0	0.0	0.0	0.0	0.0	0.0	0.0	0.0	0.0	0.0
C042_S38_L001_R2_001	0.05832372317440119	0.05832372317440119	0.05832372317440119	0.05832372317440119	0.05832372317440119	0.05832372317440119	0.05832372317440119	0.05832372317440119	0.05832372317440119	0.05832372317440119	0.05832372317440119	0.05832372317440119	0.05832372317440119	0.05832372317440119	0.011674431932755271	0.0	0.0	0.0	0.0	0.0	0.0	0.0	0.0	0.0	0.0	0.0	0.0	0.0	0.0	0.0	0.0	0.0	0.0	0.0	0.0	0.0	0.0	0.0
C043_S39_L001_R1_001	0.08894095188511432	0.08894095188511432	0.08894095188511432	0.08894095188511432	0.08894095188511432	0.08894095188511432	0.08894095188511432	0.08894095188511432	0.08894095188511432	0.08894095188511432	0.08894095188511432	0.08894095188511432	0.08894095188511432	0.08894095188511432	0.017807427869058944	0.0	0.0	0.0	0.0	0.0	0.0	0.0	0.0	0.0	0.0	0.0	0.0	0.0	0.0	0.0	0.0	0.0	0.0	0.0	0.0	0.0	0.0	0.0
C043_S39_L001_R2_001	0.08894095188511432	0.08894095188511432	0.08894095188511432	0.08894095188511432	0.08894095188511432	0.08894095188511432	0.08894095188511432	0.08894095188511432	0.08894095188511432	0.08894095188511432	0.08894095188511432	0.08894095188511432	0.08894095188511432	0.08894095188511432	0.017807543883651588	0.0	0.0	0.0	0.0	0.0	0.0	0.0	0.0	0.0	0.0	0.0	0.0	0.0	0.0	0.0	0.0	0.0	0.0	0.0	0.0	0.0	0.0	0.0
C044_S40_L001_R1_001	0.04699190008038088	0.04699190008038088	0.04699190008038088	0.04699190008038088	0.04699190008038088	0.04699190008038088	0.04699190008038088	0.04699190008038088	0.04699190008038088	0.04699190008038088	0.04699190008038088	0.04699190008038088	0.04699190008038088	0.04699190008038088	0.009404730084246582	0.0	0.0	0.0	0.0	0.0	0.0	0.0	0.0	0.0	0.0	0.0	0.0	0.0	0.0	0.0	0.0	0.0	0.0	0.0	0.0	0.0	0.0	0.0
C044_S40_L001_R2_001	0.045755271130897175	0.045755271130897175	0.045755271130897175	0.045755271130897175	0.045755271130897175	0.045755271130897175	0.045755271130897175	0.045755271130897175	0.045755271130897175	0.045755271130897175	0.045755271130897175	0.045755271130897175	0.045755271130897175	0.045755271130897175	0.009157055882789684	0.0	0.0	0.0	0.0	0.0	0.0	0.0	0.0	0.0	0.0	0.0	0.0	0.0	0.0	0.0	0.0	0.0	0.0	0.0	0.0	0.0	0.0	0.0
C045_S41_L001_R1_001	0.8693845754349518	0.8693845754349518	0.8693845754349518	0.8693845754349518	0.8693845754349518	0.8693845754349518	0.8693845754349518	0.8693845754349518	0.8693845754349518	0.8693845754349518	0.8693845754349518	0.8693845754349518	0.8693845754349518	0.8693845754349518	0.17573917534864383	0.0	0.0	0.0	0.0	0.0	0.0	0.0	0.0	0.0	0.0	0.0	0.0	0.0	0.0	0.0	0.0	0.0	0.0	0.0	0.0	0.0	0.0	0.0
C045_S41_L001_R2_001	0.8849649441703454	0.8849649441703454	0.8849649441703454	0.8849649441703454	0.8849649441703454	0.8849649441703454	0.8849649441703454	0.8849649441703454	0.8849649441703454	0.8849649441703454	0.8849649441703454	0.8849649441703454	0.8849649441703454	0.8849649441703454	0.17890702924038007	0.0	0.0	0.0	0.0	0.0	0.0	0.0	0.0	0.0	0.0	0.0	0.0	0.0	0.0	0.0	0.0	0.0	0.0	0.0	0.0	0.0	0.0	0.0
C046_S42_L001_R1_001	0.05542511835572148	0.05542511835572148	0.05542511835572148	0.05542511835572148	0.05542511835572148	0.05542511835572148	0.05542511835572148	0.05542511835572148	0.05542511835572148	0.05542511835572148	0.05542511835572148	0.05542511835572148	0.05542511835572148	0.05542511835572148	0.011094623268198649	0.0	0.0	0.0	0.0	0.0	0.0	0.0	0.0	0.0	0.0	0.0	0.0	0.0	0.0	0.0	0.0	0.0	0.0	0.0	0.0	0.0	0.0	0.0
C046_S42_L001_R2_001	0.056194911666217616	0.056194911666217616	0.056194911666217616	0.056194911666217616	0.056194911666217616	0.056194911666217616	0.056194911666217616	0.056194911666217616	0.056194911666217616	0.056194911666217616	0.056194911666217616	0.056194911666217616	0.056194911666217616	0.056194911666217616	0.011248784591938782	0.0	0.0	0.0	0.0	0.0	0.0	0.0	0.0	0.0	0.0	0.0	0.0	0.0	0.0	0.0	0.0	0.0	0.0	0.0	0.0	0.0	0.0	0.0
C047_S43_L001_R1_001	0.08621200255345474	0.08621200255345474	0.08621200255345474	0.08621200255345474	0.08621200255345474	0.08621200255345474	0.08621200255345474	0.08621200255345474	0.08621200255345474	0.08621200255345474	0.08621200255345474	0.08621200255345474	0.08621200255345474	0.08621200255345474	0.01725998411027417	0.0	0.0	0.0	0.0	0.0	0.0	0.0	0.0	0.0	0.0	0.0	0.0	0.0	0.0	0.0	0.0	0.0	0.0	0.0	0.0	0.0	0.0	0.0
C047_S43_L001_R2_001	0.08621200255345474	0.08621200255345474	0.08621200255345474	0.08621200255345474	0.08621200255345474	0.08621200255345474	0.08621200255345474	0.08621200255345474	0.08621200255345474	0.08621200255345474	0.08621200255345474	0.08621200255345474	0.08621200255345474	0.08621200255345474	0.01725989314676838	0.0	0.0	0.0	0.0	0.0	0.0	0.0	0.0	0.0	0.0	0.0	0.0	0.0	0.0	0.0	0.0	0.0	0.0	0.0	0.0	0.0	0.0	0.0
C048_S44_L001_R1_001	0.10210469377708356	0.10210469377708356	0.10210469377708356	0.10210469377708356	0.10210469377708356	0.10210469377708356	0.10210469377708356	0.10210469377708356	0.10210469377708356	0.10210469377708356	0.10210469377708356	0.10210469377708356	0.10210469377708356	0.10210469377708356	0.020445841036019975	0.0	0.0	0.0	0.0	0.0	0.0	0.0	0.0	0.0	0.0	0.0	0.0	0.0	0.0	0.0	0.0	0.0	0.0	0.0	0.0	0.0	0.0	0.0
C048_S44_L001_R2_001	0.10210469377708356	0.10210469377708356	0.10210469377708356	0.10210469377708356	0.10210469377708356	0.10210469377708356	0.10210469377708356	0.10210469377708356	0.10210469377708356	0.10210469377708356	0.10210469377708356	0.10210469377708356	0.10210469377708356	0.10210469377708356	0.02044594056803204	0.0	0.0	0.0	0.0	0.0	0.0	0.0	0.0	0.0	0.0	0.0	0.0	0.0	0.0	0.0	0.0	0.0	0.0	0.0	0.0	0.0	0.0	0.0
C049_S45_L001_R1_001	0.509925332362047	0.509925332362047	0.509925332362047	0.509925332362047	0.509925332362047	0.509925332362047	0.509925332362047	0.509925332362047	0.509925332362047	0.509925332362047	0.509925332362047	0.509925332362047	0.509925332362047	0.509925332362047	0.10241029955012618	0.0	0.0	0.0	0.0	0.0	0.0	0.0	0.0	0.0	0.0	0.0	0.0	0.0	0.0	0.0	0.0	0.0	0.0	0.0	0.0	0.0	0.0	0.0
C049_S45_L001_R2_001	0.509925332362047	0.509925332362047	0.509925332362047	0.509925332362047	0.509925332362047	0.509925332362047	0.509925332362047	0.509925332362047	0.509925332362047	0.509925332362047	0.509925332362047	0.509925332362047	0.509925332362047	0.509925332362047	0.10241029955012618	0.0	0.0	0.0	0.0	0.0	0.0	0.0	0.0	0.0	0.0	0.0	0.0	0.0	0.0	0.0	0.0	0.0	0.0	0.0	0.0	0.0	0.0	0.0
C050_S46_L001_R1_001	0.09516990884643593	0.09516990884643593	0.09516990884643593	0.09516990884643593	0.09516990884643593	0.09516990884643593	0.09516990884643593	0.09516990884643593	0.09516990884643593	0.09516990884643593	0.09516990884643593	0.09516990884643593	0.09516990884643593	0.09516990884643593	0.019056243891949348	0.0	0.0	0.0	0.0	0.0	0.0	0.0	0.0	0.0	0.0	0.0	0.0	0.0	0.0	0.0	0.0	0.0	0.0	0.0	0.0	0.0	0.0	0.0
C050_S46_L001_R2_001	0.09778926413578738	0.09778926413578738	0.09778926413578738	0.09778926413578738	0.09778926413578738	0.09778926413578738	0.09778926413578738	0.09778926413578738	0.09778926413578738	0.09778926413578738	0.09778926413578738	0.09778926413578738	0.09778926413578738	0.09778926413578738	0.019581378109417943	0.0	0.0	0.0	0.0	0.0	0.0	0.0	0.0	0.0	0.0	0.0	0.0	0.0	0.0	0.0	0.0	0.0	0.0	0.0	0.0	0.0	0.0	0.0
C051_S47_L001_R1_001	0.0605999394000606	0.0605999394000606	0.0605999394000606	0.0605999394000606	0.0605999394000606	0.0605999394000606	0.0605999394000606	0.0605999394000606	0.0605999394000606	0.0605999394000606	0.0605999394000606	0.0605999394000606	0.0605999394000606	0.0605999394000606	0.01213101496158512	0.0	0.0	0.0	0.0	0.0	0.0	0.0	0.0	0.0	0.0	0.0	0.0	0.0	0.0	0.0	0.0	0.0	0.0	0.0	0.0	0.0	0.0	0.0
C051_S47_L001_R2_001	0.05982301710005983	0.05982301710005983	0.05982301710005983	0.05982301710005983	0.05982301710005983	0.05982301710005983	0.05982301710005983	0.05982301710005983	0.05982301710005983	0.05982301710005983	0.05982301710005983	0.05982301710005983	0.05982301710005983	0.05982301710005983	0.01197543325406737	0.0	0.0	0.0	0.0	0.0	0.0	0.0	0.0	0.0	0.0	0.0	0.0	0.0	0.0	0.0	0.0	0.0	0.0	0.0	0.0	0.0	0.0	0.0
C052_S48_L001_R1_001	0.10664737740188442	0.10664737740188442	0.10664737740188442	0.10664737740188442	0.10664737740188442	0.10664737740188442	0.10664737740188442	0.10664737740188442	0.10664737740188442	0.10664737740188442	0.10664737740188442	0.10664737740188442	0.10664737740188442	0.10664737740188442	0.021355260543463525	0.0	0.0	0.0	0.0	0.0	0.0	0.0	0.0	0.0	0.0	0.0	0.0	0.0	0.0	0.0	0.0	0.0	0.0	0.0	0.0	0.0	0.0	0.0
C052_S48_L001_R2_001	0.10664737740188442	0.10664737740188442	0.10664737740188442	0.10664737740188442	0.10664737740188442	0.10664737740188442	0.10664737740188442	0.10664737740188442	0.10664737740188442	0.10664737740188442	0.10664737740188442	0.10664737740188442	0.10664737740188442	0.10664737740188442	0.021355062263933713	0.0	0.0	0.0	0.0	0.0	0.0	0.0	0.0	0.0	0.0	0.0	0.0	0.0	0.0	0.0	0.0	0.0	0.0	0.0	0.0	0.0	0.0	0.0
C053_S49_L001_R1_001	0.10790257938546911	0.10790257938546911	0.10790257938546911	0.10790257938546911	0.10790257938546911	0.10790257938546911	0.10790257938546911	0.10790257938546911	0.10790257938546911	0.10790257938546911	0.10790257938546911	0.10790257938546911	0.10790257938546911	0.10790257938546911	0.021606938914096985	0.0	0.0	0.0	0.0	0.0	0.0	0.0	0.0	0.0	0.0	0.0	0.0	0.0	0.0	0.0	0.0	0.0	0.0	0.0	0.0	0.0	0.0	0.0
C053_S49_L001_R2_001	0.10743546865219869	0.10743546865219869	0.10743546865219869	0.10743546865219869	0.10743546865219869	0.10743546865219869	0.10743546865219869	0.10743546865219869	0.10743546865219869	0.10743546865219869	0.10743546865219869	0.10743546865219869	0.10743546865219869	0.10743546865219869	0.021512919443470127	0.0	0.0	0.0	0.0	0.0	0.0	0.0	0.0	0.0	0.0	0.0	0.0	0.0	0.0	0.0	0.0	0.0	0.0	0.0	0.0	0.0	0.0	0.0
C054_S50_L001_R1_001	0.062034226350485104	0.062034226350485104	0.062034226350485104	0.062034226350485104	0.062034226350485104	0.062034226350485104	0.062034226350485104	0.062034226350485104	0.062034226350485104	0.062034226350485104	0.062034226350485104	0.062034226350485104	0.062034226350485104	0.062034226350485104	0.012416951290783476	0.0	0.0	0.0	0.0	0.0	0.0	0.0	0.0	0.0	0.0	0.0	0.0	0.0	0.0	0.0	0.0	0.0	0.0	0.0	0.0	0.0	0.0	0.0
C054_S50_L001_R2_001	0.06037998031447218	0.06037998031447218	0.06037998031447218	0.06037998031447218	0.06037998031447218	0.06037998031447218	0.06037998031447218	0.06037998031447218	0.06037998031447218	0.06037998031447218	0.06037998031447218	0.06037998031447218	0.06037998031447218	0.06037998031447218	0.012085612492218852	0.0	0.0	0.0	0.0	0.0	0.0	0.0	0.0	0.0	0.0	0.0	0.0	0.0	0.0	0.0	0.0	0.0	0.0	0.0	0.0	0.0	0.0	0.0
C055_S51_L001_R1_001	0.10160829244989726	0.10160829244989726	0.10160829244989726	0.10160829244989726	0.10160829244989726	0.10160829244989726	0.10160829244989726	0.10160829244989726	0.10160829244989726	0.10160829244989726	0.10160829244989726	0.10160829244989726	0.10160829244989726	0.10160829244989726	0.02034986582756374	0.0	0.0	0.0	0.0	0.0	0.0	0.0	0.0	0.0	0.0	0.0	0.0	0.0	0.0	0.0	0.0	0.0	0.0	0.0	0.0	0.0	0.0	0.0
C055_S51_L001_R2_001	0.10388310496743226	0.10388310496743226	0.10388310496743226	0.10388310496743226	0.10388310496743226	0.10388310496743226	0.10388310496743226	0.10388310496743226	0.10388310496743226	0.10388310496743226	0.10388310496743226	0.10388310496743226	0.10388310496743226	0.10388310496743226	0.020806186575301693	0.0	0.0	0.0	0.0	0.0	0.0	0.0	0.0	0.0	0.0	0.0	0.0	0.0	0.0	0.0	0.0	0.0	0.0	0.0	0.0	0.0	0.0	0.0
C056_S52_L001_R1_001	0.06405528164913234	0.06405528164913234	0.06405528164913234	0.06405528164913234	0.06405528164913234	0.06405528164913234	0.06405528164913234	0.06405528164913234	0.06405528164913234	0.06405528164913234	0.06405528164913234	0.06405528164913234	0.06405528164913234	0.06405528164913234	0.012821907589015124	0.0	0.0	0.0	0.0	0.0	0.0	0.0	0.0	0.0	0.0	0.0	0.0	0.0	0.0	0.0	0.0	0.0	0.0	0.0	0.0	0.0	0.0	0.0
C056_S52_L001_R2_001	0.06405528164913234	0.06405528164913234	0.06405528164913234	0.06405528164913234	0.06405528164913234	0.06405528164913234	0.06405528164913234	0.06405528164913234	0.06405528164913234	0.06405528164913234	0.06405528164913234	0.06405528164913234	0.06405528164913234	0.06405528164913234	0.012821683409324472	0.0	0.0	0.0	0.0	0.0	0.0	0.0	0.0	0.0	0.0	0.0	0.0	0.0	0.0	0.0	0.0	0.0	0.0	0.0	0.0	0.0	0.0	0.0
C057_S53_L001_R1_001	0.12805812445749434	0.12805812445749434	0.12805812445749434	0.12805812445749434	0.12805812445749434	0.12805812445749434	0.12805812445749434	0.12805812445749434	0.12805812445749434	0.12805812445749434	0.12805812445749434	0.12805812445749434	0.12805812445749434	0.12805812445749434	0.025650712424389426	0.0	0.0	0.0	0.0	0.0	0.0	0.0	0.0	0.0	0.0	0.0	0.0	0.0	0.0	0.0	0.0	0.0	0.0	0.0	0.0	0.0	0.0	0.0
C057_S53_L001_R2_001	0.1307371647181114	0.1307371647181114	0.1307371647181114	0.1307371647181114	0.1307371647181114	0.1307371647181114	0.1307371647181114	0.1307371647181114	0.1307371647181114	0.1307371647181114	0.1307371647181114	0.1307371647181114	0.1307371647181114	0.1307371647181114	0.026187956545164565	0.0	0.0	0.0	0.0	0.0	0.0	0.0	0.0	0.0	0.0	0.0	0.0	0.0	0.0	0.0	0.0	0.0	0.0	0.0	0.0	0.0	0.0	0.0
C058_S54_L001_R1_001	0.1188602267981625	0.1188602267981625	0.1188602267981625	0.1188602267981625	0.1188602267981625	0.1188602267981625	0.1188602267981625	0.1188602267981625	0.1188602267981625	0.1188602267981625	0.1188602267981625	0.1188602267981625	0.1188602267981625	0.1188602267981625	0.023803511661308195	0.0	0.0	0.0	0.0	0.0	0.0	0.0	0.0	0.0	0.0	0.0	0.0	0.0	0.0	0.0	0.0	0.0	0.0	0.0	0.0	0.0	0.0	0.0
C058_S54_L001_R2_001	0.11805711715763437	0.11805711715763437	0.11805711715763437	0.11805711715763437	0.11805711715763437	0.11805711715763437	0.11805711715763437	0.11805711715763437	0.11805711715763437	0.11805711715763437	0.11805711715763437	0.11805711715763437	0.11805711715763437	0.11805711715763437	0.023642601072119584	0.0	0.0	0.0	0.0	0.0	0.0	0.0	0.0	0.0	0.0	0.0	0.0	0.0	0.0	0.0	0.0	0.0	0.0	0.0	0.0	0.0	0.0	0.0
C059_S55_L001_R1_001	0.04116207023549037	0.04116207023549037	0.04116207023549037	0.04116207023549037	0.04116207023549037	0.04116207023549037	0.04116207023549037	0.04116207023549037	0.04116207023549037	0.04116207023549037	0.04116207023549037	0.04116207023549037	0.04116207023549037	0.04116207023549037	0.008237708471832817	0.0	0.0	0.0	0.0	0.0	0.0	0.0	0.0	0.0	0.0	0.0	0.0	0.0	0.0	0.0	0.0	0.0	0.0	0.0	0.0	0.0	0.0	0.0
C059_S55_L001_R2_001	0.04260635340164793	0.04260635340164793	0.04260635340164793	0.04260635340164793	0.04260635340164793	0.04260635340164793	0.04260635340164793	0.04260635340164793	0.04260635340164793	0.04260635340164793	0.04260635340164793	0.04260635340164793	0.04260635340164793	0.04260635340164793	0.008526935722802328	0.0	0.0	0.0	0.0	0.0	0.0	0.0	0.0	0.0	0.0	0.0	0.0	0.0	0.0	0.0	0.0	0.0	0.0	0.0	0.0	0.0	0.0	0.0
C060_S56_L001_R1_001	0.022747795876445	0.022747795876445	0.022747795876445	0.022747795876445	0.022747795876445	0.022747795876445	0.022747795876445	0.022747795876445	0.022747795876445	0.022747795876445	0.022747795876445	0.022747795876445	0.022747795876445	0.022747795876445	0.004551278426526506	0.0	0.0	0.0	0.0	0.0	0.0	0.0	0.0	0.0	0.0	0.0	0.0	0.0	0.0	0.0	0.0	0.0	0.0	0.0	0.0	0.0	0.0	0.0
C060_S56_L001_R2_001	0.022747795876445	0.022747795876445	0.022747795876445	0.022747795876445	0.022747795876445	0.022747795876445	0.022747795876445	0.022747795876445	0.022747795876445	0.022747795876445	0.022747795876445	0.022747795876445	0.022747795876445	0.022747795876445	0.004551240764773948	0.0	0.0	0.0	0.0	0.0	0.0	0.0	0.0	0.0	0.0	0.0	0.0	0.0	0.0	0.0	0.0	0.0	0.0	0.0	0.0	0.0	0.0	0.0
C061_S57_L001_R1_001	0.07042573492662092	0.07042573492662092	0.07042573492662092	0.07042573492662092	0.07042573492662092	0.07042573492662092	0.07042573492662092	0.07042573492662092	0.07042573492662092	0.07042573492662092	0.07042573492662092	0.07042573492662092	0.07042573492662092	0.07042573492662092	0.014097028482818678	0.0	0.0	0.0	0.0	0.0	0.0	0.0	0.0	0.0	0.0	0.0	0.0	0.0	0.0	0.0	0.0	0.0	0.0	0.0	0.0	0.0	0.0	0.0
C061_S57_L001_R2_001	0.06815393702576218	0.06815393702576218	0.06815393702576218	0.06815393702576218	0.06815393702576218	0.06815393702576218	0.06815393702576218	0.06815393702576218	0.06815393702576218	0.06815393702576218	0.06815393702576218	0.06815393702576218	0.06815393702576218	0.06815393702576218	0.013642192573190364	0.0	0.0	0.0	0.0	0.0	0.0	0.0	0.0	0.0	0.0	0.0	0.0	0.0	0.0	0.0	0.0	0.0	0.0	0.0	0.0	0.0	0.0	0.0
C062_S58_L001_R1_001	0.07754462693279982	0.07754462693279982	0.07754462693279982	0.07754462693279982	0.07754462693279982	0.07754462693279982	0.07754462693279982	0.07754462693279982	0.07754462693279982	0.07754462693279982	0.07754462693279982	0.07754462693279982	0.07754462693279982	0.07754462693279982	0.015523611412959111	0.0	0.0	0.0	0.0	0.0	0.0	0.0	0.0	0.0	0.0	0.0	0.0	0.0	0.0	0.0	0.0	0.0	0.0	0.0	0.0	0.0	0.0	0.0
C062_S58_L001_R2_001	0.07444284185548783	0.07444284185548783	0.07444284185548783	0.07444284185548783	0.07444284185548783	0.07444284185548783	0.07444284185548783	0.07444284185548783	0.07444284185548783	0.07444284185548783	0.07444284185548783	0.07444284185548783	0.07444284185548783	0.07444284185548783	0.014902620687942228	0.0	0.0	0.0	0.0	0.0	0.0	0.0	0.0	0.0	0.0	0.0	0.0	0.0	0.0	0.0	0.0	0.0	0.0	0.0	0.0	0.0	0.0	0.0
C063_S59_L001_R1_001	0.07249117498739284	0.07249117498739284	0.07249117498739284	0.07249117498739284	0.07249117498739284	0.07249117498739284	0.07249117498739284	0.07249117498739284	0.07249117498739284	0.07249117498739284	0.07249117498739284	0.07249117498739284	0.07249117498739284	0.07249117498739284	0.014511590344113975	0.0	0.0	0.0	0.0	0.0	0.0	0.0	0.0	0.0	0.0	0.0	0.0	0.0	0.0	0.0	0.0	0.0	0.0	0.0	0.0	0.0	0.0	0.0
C063_S59_L001_R2_001	0.07249117498739284	0.07249117498739284	0.07249117498739284	0.07249117498739284	0.07249117498739284	0.07249117498739284	0.07249117498739284	0.07249117498739284	0.07249117498739284	0.07249117498739284	0.07249117498739284	0.07249117498739284	0.07249117498739284	0.07249117498739284	0.014511590344113975	0.0	0.0	0.0	0.0	0.0	0.0	0.0	0.0	0.0	0.0	0.0	0.0	0.0	0.0	0.0	0.0	0.0	0.0	0.0	0.0	0.0	0.0	0.0
C064_S60_L001_R1_001	0.27302035059439855	0.27302035059439855	0.27302035059439855	0.27302035059439855	0.27302035059439855	0.27302035059439855	0.27302035059439855	0.27302035059439855	0.27302035059439855	0.27302035059439855	0.27302035059439855	0.27302035059439855	0.27302035059439855	0.27302035059439855	0.05476661540295901	0.0	0.0	0.0	0.0	0.0	0.0	0.0	0.0	0.0	0.0	0.0	0.0	0.0	0.0	0.0	0.0	0.0	0.0	0.0	0.0	0.0	0.0	0.0
C064_S60_L001_R2_001	0.2669756195849285	0.2669756195849285	0.2669756195849285	0.2669756195849285	0.2669756195849285	0.2669756195849285	0.2669756195849285	0.2669756195849285	0.2669756195849285	0.2669756195849285	0.2669756195849285	0.2669756195849285	0.2669756195849285	0.2669756195849285	0.053551581287258766	0.0	0.0	0.0	0.0	0.0	0.0	0.0	0.0	0.0	0.0	0.0	0.0	0.0	0.0	0.0	0.0	0.0	0.0	0.0	0.0	0.0	0.0	0.0
C066_S61_L001_R1_001	0.06784060407633542	0.06784060407633542	0.06784060407633542	0.06784060407633542	0.06784060407633542	0.06784060407633542	0.06784060407633542	0.06784060407633542	0.06784060407633542	0.06784060407633542	0.06784060407633542	0.06784060407633542	0.06784060407633542	0.06784060407633542	0.013579576317218902	0.0	0.0	0.0	0.0	0.0	0.0	0.0	0.0	0.0	0.0	0.0	0.0	0.0	0.0	0.0	0.0	0.0	0.0	0.0	0.0	0.0	0.0	0.0
C066_S61_L001_R2_001	0.07079019555791523	0.07079019555791523	0.07079019555791523	0.07079019555791523	0.07079019555791523	0.07079019555791523	0.07079019555791523	0.07079019555791523	0.07079019555791523	0.07079019555791523	0.07079019555791523	0.07079019555791523	0.07079019555791523	0.07079019555791523	0.014170201836812415	0.0	0.0	0.0	0.0	0.0	0.0	0.0	0.0	0.0	0.0	0.0	0.0	0.0	0.0	0.0	0.0	0.0	0.0	0.0	0.0	0.0	0.0	0.0
C067_S62_L001_R1_001	0.0436400764113036	0.0436400764113036	0.0436400764113036	0.0436400764113036	0.0436400764113036	0.0436400764113036	0.0436400764113036	0.0436400764113036	0.0436400764113036	0.0436400764113036	0.0436400764113036	0.0436400764113036	0.0436400764113036	0.0436400764113036	0.008734775944756662	0.0	0.0	0.0	0.0	0.0	0.0	0.0	0.0	0.0	0.0	0.0	0.0	0.0	0.0	0.0	0.0	0.0	0.0	0.0	0.0	0.0	0.0	0.0
C067_S62_L001_R2_001	0.0436400764113036	0.0436400764113036	0.0436400764113036	0.0436400764113036	0.0436400764113036	0.0436400764113036	0.0436400764113036	0.0436400764113036	0.0436400764113036	0.0436400764113036	0.0436400764113036	0.0436400764113036	0.0436400764113036	0.0436400764113036	0.008734689572428705	0.0	0.0	0.0	0.0	0.0	0.0	0.0	0.0	0.0	0.0	0.0	0.0	0.0	0.0	0.0	0.0	0.0	0.0	0.0	0.0	0.0	0.0	0.0
C068_S63_L001_R1_001	0.039535872814295214	0.039535872814295214	0.039535872814295214	0.039535872814295214	0.039535872814295214	0.039535872814295214	0.039535872814295214	0.039535872814295214	0.039535872814295214	0.039535872814295214	0.039535872814295214	0.039535872814295214	0.039535872814295214	0.039535872814295214	0.007912236513532922	0.0	0.0	0.0	0.0	0.0	0.0	0.0	0.0	0.0	0.0	0.0	0.0	0.0	0.0	0.0	0.0	0.0	0.0	0.0	0.0	0.0	0.0	0.0
C068_S63_L001_R2_001	0.038936844438321044	0.038936844438321044	0.038936844438321044	0.038936844438321044	0.038936844438321044	0.038936844438321044	0.038936844438321044	0.038936844438321044	0.038936844438321044	0.038936844438321044	0.038936844438321044	0.038936844438321044	0.038936844438321044	0.038936844438321044	0.007792419534277056	0.0	0.0	0.0	0.0	0.0	0.0	0.0	0.0	0.0	0.0	0.0	0.0	0.0	0.0	0.0	0.0	0.0	0.0	0.0	0.0	0.0	0.0	0.0
C069_S64_L001_R1_001	0.039207061096076426	0.039207061096076426	0.039207061096076426	0.039207061096076426	0.039207061096076426	0.039207061096076426	0.039207061096076426	0.039207061096076426	0.039207061096076426	0.039207061096076426	0.039207061096076426	0.039207061096076426	0.039207061096076426	0.039207061096076426	0.00784667970618969	0.0	0.0	0.0	0.0	0.0	0.0	0.0	0.0	0.0	0.0	0.0	0.0	0.0	0.0	0.0	0.0	0.0	0.0	0.0	0.0	0.0	0.0	0.0
C069_S64_L001_R2_001	0.039207061096076426	0.039207061096076426	0.039207061096076426	0.039207061096076426	0.039207061096076426	0.039207061096076426	0.039207061096076426	0.039207061096076426	0.039207061096076426	0.039207061096076426	0.039207061096076426	0.039207061096076426	0.039207061096076426	0.039207061096076426	0.007846664689051989	0.0	0.0	0.0	0.0	0.0	0.0	0.0	0.0	0.0	0.0	0.0	0.0	0.0	0.0	0.0	0.0	0.0	0.0	0.0	0.0	0.0	0.0	0.0
C070_S65_L001_R1_001	0.04289533538166873	0.04289533538166873	0.04289533538166873	0.04289533538166873	0.04289533538166873	0.04289533538166873	0.04289533538166873	0.04289533538166873	0.04289533538166873	0.04289533538166873	0.04289533538166873	0.04289533538166873	0.04289533538166873	0.04289533538166873	0.008584342159900341	0.0	0.0	0.0	0.0	0.0	0.0	0.0	0.0	0.0	0.0	0.0	0.0	0.0	0.0	0.0	0.0	0.0	0.0	0.0	0.0	0.0	0.0	0.0
C070_S65_L001_R2_001	0.043892901320777306	0.043892901320777306	0.043892901320777306	0.043892901320777306	0.043892901320777306	0.043892901320777306	0.043892901320777306	0.043892901320777306	0.043892901320777306	0.043892901320777306	0.043892901320777306	0.043892901320777306	0.043892901320777306	0.043892901320777306	0.008784205997616286	0.0	0.0	0.0	0.0	0.0	0.0	0.0	0.0	0.0	0.0	0.0	0.0	0.0	0.0	0.0	0.0	0.0	0.0	0.0	0.0	0.0	0.0	0.0
C071_S66_L001_R1_001	0.05713434022257552	0.05713434022257552	0.05713434022257552	0.05713434022257552	0.05713434022257552	0.05713434022257552	0.05713434022257552	0.05713434022257552	0.05713434022257552	0.05713434022257552	0.05713434022257552	0.05713434022257552	0.05713434022257552	0.05713434022257552	0.011436261900342094	0.0	0.0	0.0	0.0	0.0	0.0	0.0	0.0	0.0	0.0	0.0	0.0	0.0	0.0	0.0	0.0	0.0	0.0	0.0	0.0	0.0	0.0	0.0
C071_S66_L001_R2_001	0.05713434022257552	0.05713434022257552	0.05713434022257552	0.05713434022257552	0.05713434022257552	0.05713434022257552	0.05713434022257552	0.05713434022257552	0.05713434022257552	0.05713434022257552	0.05713434022257552	0.05713434022257552	0.05713434022257552	0.05713434022257552	0.01143622399087754	0.0	0.0	0.0	0.0	0.0	0.0	0.0	0.0	0.0	0.0	0.0	0.0	0.0	0.0	0.0	0.0	0.0	0.0	0.0	0.0	0.0	0.0	0.0
C072_S67_L001_R1_001	0.04970903644003764	0.04970903644003764	0.04970903644003764	0.04970903644003764	0.04970903644003764	0.04970903644003764	0.04970903644003764	0.04970903644003764	0.04970903644003764	0.04970903644003764	0.04970903644003764	0.04970903644003764	0.04970903644003764	0.04970903644003764	0.00994762245191651	0.0	0.0	0.0	0.0	0.0	0.0	0.0	0.0	0.0	0.0	0.0	0.0	0.0	0.0	0.0	0.0	0.0	0.0	0.0	0.0	0.0	0.0	0.0
C072_S67_L001_R2_001	0.05103461074510532	0.05103461074510532	0.05103461074510532	0.05103461074510532	0.05103461074510532	0.05103461074510532	0.05103461074510532	0.05103461074510532	0.05103461074510532	0.05103461074510532	0.05103461074510532	0.05103461074510532	0.05103461074510532	0.05103461074510532	0.010213082029617938	0.0	0.0	0.0	0.0	0.0	0.0	0.0	0.0	0.0	0.0	0.0	0.0	0.0	0.0	0.0	0.0	0.0	0.0	0.0	0.0	0.0	0.0	0.0
C073_S68_L001_R1_001	24.262734584450403	24.262734584450403	24.262734584450403	24.262734584450403	24.262734584450403	24.262734584450403	24.262734584450403	24.262734584450403	24.262734584450403	24.262734584450403	24.262734584450403	24.262734584450403	24.262734584450403	24.262734584450403	6.073825503355704	0.0	0.0	0.0	0.0	0.0	0.0	0.0	0.0	0.0	0.0	0.0	0.0	0.0	0.0	0.0	0.0	0.0	0.0	0.0	0.0	0.0	0.0	0.0
C073_S68_L001_R2_001	24.497319034852545	24.497319034852545	24.497319034852545	24.497319034852545	24.497319034852545	24.497319034852545	24.497319034852545	24.497319034852545	24.497319034852545	24.497319034852545	24.497319034852545	24.497319034852545	24.497319034852545	24.497319034852545	6.151127566475934	0.0	0.0	0.0	0.0	0.0	0.0	0.0	0.0	0.0	0.0	0.0	0.0	0.0	0.0	0.0	0.0	0.0	0.0	0.0	0.0	0.0	0.0	0.0
C074_S69_L001_R1_001	0.03487392746223088	0.03487392746223088	0.03487392746223088	0.03487392746223088	0.03487392746223088	0.03487392746223088	0.03487392746223088	0.03487392746223088	0.03487392746223088	0.03487392746223088	0.03487392746223088	0.03487392746223088	0.03487392746223088	0.03487392746223088	0.006978771367549503	0.0	0.0	0.0	0.0	0.0	0.0	0.0	0.0	0.0	0.0	0.0	0.0	0.0	0.0	0.0	0.0	0.0	0.0	0.0	0.0	0.0	0.0	0.0
C074_S69_L001_R2_001	0.03487392746223088	0.03487392746223088	0.03487392746223088	0.03487392746223088	0.03487392746223088	0.03487392746223088	0.03487392746223088	0.03487392746223088	0.03487392746223088	0.03487392746223088	0.03487392746223088	0.03487392746223088	0.03487392746223088	0.03487392746223088	0.006978688664897855	0.0	0.0	0.0	0.0	0.0	0.0	0.0	0.0	0.0	0.0	0.0	0.0	0.0	0.0	0.0	0.0	0.0	0.0	0.0	0.0	0.0	0.0	0.0
C075_S70_L001_R1_001	0.05780239040853238	0.05780239040853238	0.05780239040853238	0.05780239040853238	0.05780239040853238	0.05780239040853238	0.05780239040853238	0.05780239040853238	0.05780239040853238	0.05780239040853238	0.05780239040853238	0.05780239040853238	0.05780239040853238	0.05780239040853238	0.01156968965240547	0.0	0.0	0.0	0.0	0.0	0.0	0.0	0.0	0.0	0.0	0.0	0.0	0.0	0.0	0.0	0.0	0.0	0.0	0.0	0.0	0.0	0.0	0.0
C075_S70_L001_R2_001	0.05780239040853238	0.05780239040853238	0.05780239040853238	0.05780239040853238	0.05780239040853238	0.05780239040853238	0.05780239040853238	0.05780239040853238	0.05780239040853238	0.05780239040853238	0.05780239040853238	0.05780239040853238	0.05780239040853238	0.05780239040853238	0.011569668062491135	0.0	0.0	0.0	0.0	0.0	0.0	0.0	0.0	0.0	0.0	0.0	0.0	0.0	0.0	0.0	0.0	0.0	0.0	0.0	0.0	0.0	0.0	0.0
