Sample	2.0	3.0	4.0	5.0	6.0	7.0	8.0	9.0	10.0	11.0	12.0	13.0	14.0	15.0	16.0	17.0	18.0	19.0	20.0	21.0	22.0	23.0	24.0	25.0	26.0	27.0	28.0	29.0	30.0	31.0	32.0	33.0	34.0	35.0	36.0	37.0	38.0
C001_S1_L001_R1_001	205.0	0.0	0.0	0.0	0.0	0.0	0.0	0.0	0.0	0.0	0.0	0.0	0.0	0.0	0.0	0.0	1.0	2.0	2.0	8.0	19.0	34.0	65.0	106.0	231.0	409.0	496.0	603.0	716.0	966.0	1426.0	1970.0	2946.0	4726.0	5789.0	14278.0	101144.0
C001_S1_L001_R2_001	199.0	0.0	0.0	0.0	0.0	0.0	0.0	0.0	0.0	0.0	0.0	0.0	0.0	31.0	122.0	125.0	196.0	256.0	199.0	157.0	145.0	158.0	211.0	235.0	309.0	393.0	556.0	798.0	1211.0	1741.0	1743.0	1708.0	2688.0	3225.0	5526.0	14370.0	99840.0
C002_S2_L001_R1_001	53.0	0.0	0.0	0.0	0.0	0.0	0.0	0.0	0.0	0.0	0.0	0.0	0.0	0.0	0.0	0.0	0.0	1.0	3.0	12.0	19.0	30.0	45.0	78.0	149.0	317.0	369.0	509.0	684.0	940.0	1273.0	1927.0	2850.0	4397.0	5436.0	13140.0	89637.0
C002_S2_L001_R2_001	52.0	0.0	0.0	0.0	0.0	0.0	0.0	0.0	0.0	0.0	0.0	1.0	0.0	12.0	51.0	81.0	111.0	170.0	177.0	137.0	123.0	137.0	162.0	198.0	285.0	344.0	537.0	678.0	1166.0	1527.0	1523.0	1703.0	2482.0	3094.0	5209.0	13703.0	88206.0
C003_S3_L001_R1_001	62.0	0.0	0.0	0.0	0.0	0.0	0.0	0.0	0.0	0.0	0.0	0.0	0.0	0.0	0.0	0.0	0.0	0.0	2.0	7.0	11.0	23.0	48.0	55.0	149.0	241.0	276.0	380.0	520.0	673.0	937.0	1423.0	2124.0	3548.0	4383.0	9665.0	77059.0
C003_S3_L001_R2_001	64.0	0.0	0.0	0.0	0.0	0.0	0.0	0.0	0.0	0.0	0.0	1.0	1.0	17.0	33.0	53.0	86.0	133.0	162.0	166.0	123.0	146.0	163.0	230.0	307.0	407.0	578.0	788.0	1135.0	1493.0	1442.0	1611.0	2206.0	2700.0	4632.0	11966.0	70943.0
C004_S4_L001_R1_001	94.0	0.0	0.0	0.0	0.0	0.0	0.0	0.0	0.0	0.0	0.0	0.0	0.0	0.0	0.0	0.0	0.0	0.0	2.0	10.0	15.0	39.0	64.0	112.0	235.0	322.0	403.0	570.0	714.0	1024.0	1390.0	2054.0	3113.0	5263.0	6270.0	14234.0	110005.0
C004_S4_L001_R2_001	95.0	0.0	0.0	0.0	0.0	0.0	0.0	0.0	0.0	0.0	0.0	0.0	2.0	15.0	50.0	86.0	142.0	288.0	327.0	275.0	220.0	220.0	237.0	317.0	410.0	549.0	722.0	1039.0	1561.0	1982.0	1949.0	2350.0	3130.0	3878.0	6342.0	16795.0	102952.0
C005_S5_L001_R1_001	59.0	0.0	0.0	0.0	0.0	0.0	0.0	0.0	0.0	0.0	0.0	0.0	0.0	0.0	0.0	0.0	0.0	2.0	1.0	5.0	12.0	21.0	51.0	67.0	116.0	210.0	279.0	363.0	527.0	679.0	900.0	1283.0	2092.0	3652.0	4544.0	9460.0	76149.0
C005_S5_L001_R2_001	59.0	0.0	0.0	0.0	0.0	0.0	0.0	0.0	0.0	0.0	0.0	0.0	4.0	15.0	30.0	52.0	70.0	121.0	150.0	130.0	103.0	131.0	153.0	185.0	246.0	337.0	462.0	619.0	966.0	1389.0	1314.0	1388.0	2077.0	2606.0	4190.0	10790.0	72885.0
C006_S6_L001_R1_001	395.0	0.0	0.0	0.0	0.0	0.0	0.0	0.0	0.0	0.0	0.0	0.0	0.0	0.0	0.0	0.0	0.0	0.0	5.0	8.0	16.0	28.0	47.0	91.0	223.0	415.0	407.0	421.0	523.0	661.0	872.0	1300.0	1918.0	3122.0	4248.0	10205.0	70816.0
C006_S6_L001_R2_001	396.0	0.0	0.0	0.0	0.0	0.0	0.0	0.0	0.0	0.0	0.0	0.0	2.0	28.0	114.0	186.0	225.0	264.0	211.0	155.0	149.0	142.0	144.0	157.0	250.0	295.0	391.0	584.0	825.0	1140.0	1323.0	1289.0	1793.0	2637.0	3987.0	11081.0	67953.0
C007_S7_L001_R1_001	133.0	0.0	0.0	0.0	0.0	0.0	0.0	0.0	0.0	0.0	0.0	0.0	0.0	0.0	0.0	0.0	0.0	2.0	2.0	11.0	17.0	36.0	84.0	121.0	240.0	429.0	545.0	659.0	966.0	1327.0	1782.0	2551.0	4030.0	6412.0	7506.0	17767.0	125674.0
C007_S7_L001_R2_001	129.0	0.0	0.0	0.0	0.0	0.0	0.0	0.0	0.0	0.0	0.0	0.0	5.0	22.0	94.0	94.0	140.0	223.0	222.0	197.0	155.0	170.0	247.0	303.0	366.0	478.0	720.0	1035.0	1688.0	2383.0	2268.0	2291.0	3567.0	4188.0	7010.0	17957.0	124342.0
C008_S8_L001_R1_001	67.0	0.0	0.0	0.0	0.0	0.0	0.0	0.0	0.0	0.0	0.0	0.0	0.0	0.0	0.0	0.0	0.0	0.0	4.0	6.0	18.0	33.0	42.0	89.0	161.0	282.0	365.0	493.0	635.0	830.0	1285.0	1675.0	2640.0	4221.0	5598.0	12496.0	91914.0
C008_S8_L001_R2_001	71.0	0.0	0.0	0.0	0.0	0.0	0.0	0.0	0.0	0.0	0.0	0.0	2.0	12.0	38.0	79.0	145.0	193.0	167.0	142.0	152.0	137.0	213.0	265.0	350.0	475.0	601.0	824.0	1213.0	1596.0	1703.0	1992.0	2747.0	3339.0	5436.0	13768.0	87194.0
C009_S9_L001_R1_001	812.0	0.0	0.0	0.0	0.0	0.0	0.0	0.0	0.0	0.0	0.0	0.0	0.0	0.0	0.0	0.0	1.0	3.0	32.0	74.0	180.0	334.0	626.0	1016.0	1917.0	3325.0	4476.0	5910.0	7938.0	10835.0	14836.0	21120.0	32607.0	53544.0	69819.0	156114.0	1210471.0
C009_S9_L001_R2_001	838.0	0.0	0.0	0.0	0.0	0.0	0.0	0.0	0.0	0.0	0.0	2.0	31.0	172.0	614.0	951.0	1872.0	2968.0	2851.0	2190.0	1972.0	2050.0	2378.0	2944.0	3831.0	5200.0	6894.0	9936.0	15519.0	20501.0	20438.0	21929.0	31737.0	40289.0	66707.0	171920.0	1159256.0
C010_S10_L001_R1_001	104.0	0.0	0.0	0.0	0.0	0.0	0.0	0.0	0.0	0.0	0.0	0.0	0.0	0.0	0.0	0.0	0.0	0.0	4.0	5.0	13.0	24.0	55.0	67.0	153.0	317.0	396.0	394.0	616.0	815.0	1111.0	1651.0	2452.0	3912.0	5342.0	12105.0	93771.0
C010_S10_L001_R2_001	104.0	0.0	0.0	0.0	0.0	0.0	0.0	0.0	0.0	0.0	0.0	0.0	2.0	10.0	60.0	97.0	143.0	230.0	210.0	153.0	145.0	156.0	186.0	227.0	303.0	425.0	567.0	761.0	1135.0	1515.0	1541.0	1747.0	2431.0	3113.0	5009.0	13168.0	89869.0
C011_S11_L001_R1_001	59.0	0.0	0.0	0.0	0.0	0.0	0.0	0.0	0.0	0.0	0.0	0.0	0.0	0.0	0.0	0.0	0.0	0.0	4.0	2.0	10.0	29.0	39.0	62.0	152.0	268.0	315.0	373.0	533.0	683.0	955.0	1243.0	2093.0	3190.0	4373.0	9455.0	74024.0
C011_S11_L001_R2_001	60.0	0.0	0.0	0.0	0.0	0.0	0.0	0.0	0.0	0.0	0.0	0.0	1.0	10.0	24.0	64.0	100.0	169.0	168.0	143.0	147.0	150.0	178.0	268.0	360.0	515.0	685.0	795.0	1144.0	1549.0	1500.0	1725.0	2304.0	3059.0	4763.0	12104.0	65877.0
C012_S12_L001_R1_001	744.0	0.0	0.0	0.0	0.0	0.0	0.0	0.0	0.0	0.0	0.0	0.0	0.0	0.0	0.0	0.0	0.0	3.0	6.0	16.0	28.0	44.0	78.0	115.0	189.0	320.0	410.0	548.0	719.0	961.0	1348.0	1885.0	2689.0	4472.0	6305.0	16412.0	89557.0
C012_S12_L001_R2_001	746.0	0.0	0.0	0.0	0.0	0.0	0.0	0.0	0.0	0.0	0.0	0.0	1.0	15.0	48.0	54.0	103.0	176.0	200.0	139.0	149.0	181.0	194.0	226.0	324.0	430.0	602.0	802.0	1176.0	1539.0	1586.0	1851.0	2598.0	3418.0	6010.0	17797.0	86484.0
C013_S13_L001_R1_001	4576.0	0.0	0.0	0.0	0.0	0.0	0.0	0.0	0.0	0.0	0.0	0.0	0.0	0.0	0.0	0.0	1.0	17.0	40.0	74.0	122.0	221.0	365.0	576.0	1060.0	1828.0	2281.0	2912.0	3927.0	5141.0	6848.0	9192.0	13053.0	20314.0	30533.0	88093.0	418980.0
C013_S13_L001_R2_001	4581.0	0.0	0.0	0.0	0.0	0.0	0.0	0.0	0.0	0.0	0.0	0.0	7.0	86.0	333.0	534.0	878.0	1065.0	957.0	802.0	822.0	929.0	1059.0	1383.0	1758.0	2346.0	2967.0	3956.0	5512.0	6956.0	8057.0	9645.0	12929.0	17144.0	30921.0	94754.0	399773.0
C014_S14_L001_R1_001	155.0	0.0	0.0	0.0	0.0	0.0	0.0	0.0	0.0	0.0	0.0	0.0	0.0	0.0	0.0	0.0	0.0	0.0	2.0	4.0	22.0	34.0	70.0	85.0	260.0	537.0	499.0	502.0	623.0	847.0	1086.0	1516.0	2319.0	3873.0	5578.0	11791.0	95272.0
C014_S14_L001_R2_001	153.0	0.0	0.0	0.0	0.0	0.0	0.0	0.0	0.0	0.0	0.0	0.0	5.0	37.0	235.0	241.0	279.0	356.0	294.0	191.0	177.0	174.0	199.0	229.0	294.0	424.0	533.0	737.0	1194.0	1526.0	1595.0	1809.0	2484.0	3203.0	5291.0	13111.0	90304.0
C016_S15_L001_R1_001	377.0	0.0	0.0	0.0	0.0	0.0	0.0	0.0	0.0	0.0	0.0	0.0	0.0	0.0	0.0	0.0	0.0	0.0	6.0	9.0	23.0	40.0	71.0	129.0	364.0	853.0	837.0	751.0	954.0	1206.0	1581.0	2244.0	3393.0	4870.0	7375.0	16141.0	97316.0
C016_S15_L001_R2_001	383.0	0.0	0.0	0.0	0.0	0.0	0.0	0.0	0.0	0.0	0.0	1.0	1.0	49.0	266.0	347.0	384.0	382.0	308.0	224.0	187.0	144.0	165.0	189.0	255.0	347.0	567.0	798.0	1449.0	2009.0	1579.0	1456.0	2152.0	3741.0	5731.0	13656.0	101770.0
C017_S16_L001_R1_001	60.0	0.0	0.0	0.0	0.0	0.0	0.0	0.0	0.0	0.0	0.0	0.0	0.0	0.0	0.0	1.0	0.0	0.0	1.0	5.0	12.0	23.0	54.0	78.0	156.0	239.0	335.0	458.0	619.0	796.0	1131.0	1525.0	2425.0	4326.0	5103.0	11352.0	90064.0
C017_S16_L001_R2_001	61.0	0.0	0.0	0.0	0.0	0.0	0.0	0.0	0.0	0.0	0.0	0.0	2.0	10.0	34.0	42.0	102.0	184.0	242.0	181.0	151.0	162.0	171.0	243.0	279.0	397.0	503.0	790.0	1153.0	1508.0	1707.0	1771.0	2468.0	3057.0	4988.0	12662.0	85895.0
C018_S17_L001_R1_001	58.0	0.0	0.0	0.0	0.0	0.0	0.0	0.0	0.0	0.0	0.0	0.0	0.0	0.0	0.0	0.0	1.0	2.0	4.0	10.0	18.0	34.0	68.0	107.0	190.0	295.0	410.0	588.0	824.0	1068.0	1434.0	2055.0	3183.0	5083.0	6425.0	14539.0	104349.0
C018_S17_L001_R2_001	59.0	0.0	0.0	0.0	0.0	0.0	0.0	0.0	0.0	0.0	0.0	0.0	2.0	13.0	52.0	77.0	155.0	279.0	258.0	234.0	200.0	187.0	224.0	300.0	342.0	488.0	690.0	966.0	1469.0	2051.0	2008.0	2137.0	3120.0	3884.0	6194.0	15976.0	99380.0
C020_S18_L001_R1_001	109.0	0.0	0.0	0.0	0.0	0.0	0.0	0.0	0.0	0.0	0.0	0.0	0.0	0.0	0.0	0.0	1.0	1.0	8.0	20.0	31.0	62.0	106.0	194.0	360.0	577.0	853.0	1115.0	1497.0	1982.0	2883.0	4079.0	6351.0	10513.0	12608.0	28668.0	213614.0
C020_S18_L001_R2_001	109.0	0.0	0.0	0.0	0.0	0.0	0.0	0.0	0.0	0.0	0.0	0.0	4.0	22.0	66.0	119.0	237.0	365.0	336.0	312.0	251.0	311.0	368.0	480.0	643.0	917.0	1231.0	1866.0	2727.0	3765.0	3747.0	3856.0	6118.0	7009.0	12344.0	30259.0	208170.0
C021_S19_L001_R1_001	110.0	0.0	0.0	0.0	0.0	0.0	0.0	0.0	0.0	0.0	0.0	0.0	0.0	0.0	0.0	0.0	0.0	2.0	3.0	6.0	11.0	28.0	65.0	101.0	183.0	292.0	419.0	588.0	743.0	1019.0	1437.0	2044.0	2991.0	4934.0	6394.0	14586.0	113437.0
C021_S19_L001_R2_001	108.0	0.0	0.0	0.0	0.0	0.0	0.0	0.0	0.0	0.0	0.0	0.0	0.0	9.0	38.0	64.0	123.0	219.0	209.0	164.0	140.0	187.0	219.0	280.0	358.0	513.0	719.0	924.0	1461.0	1903.0	2048.0	2135.0	3118.0	3911.0	6477.0	16558.0	107508.0
C022_S20_L001_R1_001	77.0	0.0	0.0	0.0	0.0	0.0	0.0	0.0	0.0	0.0	0.0	0.0	0.0	0.0	0.0	0.0	0.0	0.0	3.0	13.0	13.0	30.0	51.0	94.0	156.0	274.0	367.0	517.0	692.0	949.0	1439.0	2032.0	2995.0	5050.0	6104.0	14436.0	118356.0
C022_S20_L001_R2_001	79.0	0.0	0.0	0.0	0.0	0.0	0.0	0.0	0.0	0.0	0.0	0.0	1.0	7.0	37.0	67.0	152.0	205.0	220.0	166.0	194.0	210.0	239.0	325.0	398.0	596.0	801.0	1096.0	1696.0	1988.0	2044.0	2286.0	3267.0	4015.0	6983.0	18028.0	108548.0
C023_S21_L001_R1_001	71.0	0.0	0.0	0.0	0.0	0.0	0.0	0.0	0.0	0.0	0.0	0.0	0.0	0.0	0.0	0.0	0.0	1.0	4.0	6.0	21.0	41.0	70.0	103.0	192.0	314.0	437.0	564.0	767.0	1079.0	1464.0	2097.0	3434.0	5529.0	6664.0	15613.0	121836.0
C023_S21_L001_R2_001	73.0	0.0	0.0	0.0	0.0	0.0	0.0	0.0	0.0	0.0	0.0	0.0	0.0	13.0	40.0	66.0	113.0	176.0	211.0	193.0	169.0	187.0	219.0	275.0	378.0	501.0	677.0	986.0	1666.0	2197.0	2075.0	2273.0	3295.0	3844.0	6773.0	17589.0	116318.0
C026_S22_L001_R1_001	70.0	0.0	0.0	0.0	0.0	0.0	0.0	0.0	0.0	0.0	0.0	0.0	0.0	0.0	0.0	0.0	0.0	0.0	2.0	5.0	14.0	27.0	47.0	85.0	209.0	425.0	424.0	506.0	673.0	820.0	1142.0	1632.0	2476.0	3873.0	4892.0	12124.0	98363.0
C026_S22_L001_R2_001	71.0	0.0	0.0	0.0	0.0	0.0	0.0	0.0	0.0	0.0	0.0	0.0	4.0	31.0	92.0	160.0	218.0	321.0	276.0	171.0	170.0	149.0	204.0	267.0	322.0	478.0	625.0	815.0	1211.0	1520.0	1601.0	1840.0	2462.0	3204.0	5538.0	14021.0	92038.0
C027_S23_L001_R1_001	42.0	0.0	0.0	0.0	0.0	0.0	0.0	0.0	0.0	0.0	0.0	0.0	0.0	0.0	0.0	0.0	0.0	0.0	2.0	4.0	12.0	24.0	31.0	50.0	105.0	171.0	253.0	298.0	426.0	627.0	810.0	1188.0	1903.0	3119.0	3538.0	8411.0	67640.0
C027_S23_L001_R2_001	41.0	0.0	0.0	0.0	0.0	0.0	0.0	0.0	0.0	0.0	0.0	0.0	2.0	7.0	19.0	28.0	91.0	130.0	103.0	89.0	83.0	102.0	101.0	125.0	174.0	229.0	348.0	477.0	800.0	1123.0	1118.0	1169.0	1707.0	2122.0	3456.0	8864.0	66146.0
C028_S24_L001_R1_001	51.0	0.0	0.0	0.0	0.0	0.0	0.0	0.0	0.0	0.0	0.0	0.0	0.0	0.0	0.0	0.0	0.0	0.0	3.0	7.0	13.0	21.0	26.0	60.0	131.0	205.0	260.0	311.0	429.0	540.0	817.0	1130.0	1653.0	2790.0	3499.0	8025.0	60958.0
C028_S24_L001_R2_001	53.0	0.0	0.0	0.0	0.0	0.0	0.0	0.0	0.0	0.0	0.0	0.0	4.0	9.0	35.0	57.0	81.0	134.0	142.0	107.0	97.0	113.0	126.0	142.0	198.0	264.0	363.0	558.0	895.0	1100.0	1036.0	1210.0	1718.0	2204.0	3501.0	9293.0	57489.0
C029_S25_L001_R1_001	98.0	0.0	0.0	0.0	0.0	0.0	0.0	0.0	0.0	0.0	0.0	0.0	0.0	0.0	0.0	0.0	0.0	1.0	1.0	4.0	18.0	32.0	61.0	103.0	213.0	298.0	416.0	573.0	747.0	1001.0	1501.0	2187.0	3265.0	5044.0	6115.0	15248.0	109172.0
C029_S25_L001_R2_001	96.0	0.0	0.0	0.0	0.0	0.0	0.0	0.0	0.0	0.0	0.0	0.0	0.0	13.0	46.0	54.0	116.0	266.0	263.0	237.0	178.0	207.0	220.0	271.0	324.0	486.0	701.0	861.0	1261.0	1777.0	1875.0	2208.0	3257.0	3600.0	6411.0	16712.0	104658.0
C030_S26_L001_R1_001	192.0	0.0	0.0	0.0	0.0	0.0	0.0	0.0	0.0	0.0	0.0	0.0	0.0	0.0	0.0	0.0	0.0	1.0	2.0	6.0	12.0	36.0	71.0	98.0	219.0	427.0	460.0	503.0	693.0	876.0	1216.0	1656.0	2572.0	4154.0	5044.0	12125.0	91485.0
C030_S26_L001_R2_001	188.0	0.0	0.0	0.0	0.0	0.0	0.0	0.0	0.0	0.0	0.0	0.0	3.0	21.0	94.0	171.0	201.0	236.0	245.0	173.0	157.0	151.0	162.0	223.0	297.0	457.0	535.0	865.0	1228.0	1665.0	1686.0	1719.0	2565.0	3061.0	5283.0	13726.0	86736.0
C031_S27_L001_R1_001	57.0	0.0	0.0	0.0	0.0	0.0	0.0	0.0	0.0	0.0	0.0	0.0	0.0	0.0	0.0	0.0	0.0	1.0	3.0	9.0	16.0	24.0	53.0	88.0	146.0	235.0	367.0	488.0	656.0	902.0	1284.0	1738.0	2851.0	4645.0	5284.0	12780.0	98083.0
C031_S27_L001_R2_001	56.0	0.0	0.0	0.0	0.0	0.0	0.0	0.0	0.0	0.0	0.0	0.0	2.0	17.0	38.0	56.0	96.0	189.0	184.0	147.0	150.0	158.0	171.0	243.0	314.0	408.0	588.0	891.0	1316.0	1834.0	1759.0	1861.0	2682.0	3308.0	5410.0	14075.0	93757.0
C032_S28_L001_R1_001	46.0	0.0	0.0	0.0	0.0	0.0	0.0	0.0	0.0	0.0	0.0	0.0	0.0	0.0	0.0	0.0	0.0	0.0	4.0	4.0	7.0	23.0	35.0	60.0	131.0	238.0	294.0	417.0	559.0	801.0	1031.0	1405.0	2083.0	3722.0	4958.0	10861.0	95000.0
C032_S28_L001_R2_001	47.0	0.0	0.0	0.0	0.0	0.0	0.0	0.0	0.0	0.0	0.0	0.0	0.0	12.0	19.0	66.0	100.0	178.0	188.0	155.0	154.0	151.0	205.0	278.0	367.0	479.0	636.0	919.0	1194.0	1613.0	1664.0	1948.0	2728.0	3331.0	5305.0	14924.0	85018.0
C033_S29_L001_R1_001	120.0	0.0	0.0	0.0	0.0	0.0	0.0	0.0	0.0	0.0	0.0	0.0	0.0	0.0	0.0	0.0	1.0	1.0	5.0	12.0	25.0	55.0	86.0	133.0	267.0	441.0	591.0	817.0	1144.0	1519.0	2107.0	3057.0	4929.0	8038.0	9216.0	22478.0	177048.0
C033_S29_L001_R2_001	122.0	0.0	0.0	0.0	0.0	0.0	0.0	0.0	0.0	0.0	0.0	0.0	2.0	28.0	67.0	92.0	212.0	340.0	286.0	271.0	223.0	278.0	332.0	410.0	598.0	729.0	1039.0	1425.0	2296.0	3013.0	3218.0	3060.0	4725.0	5706.0	9583.0	24568.0	169467.0
C034_S30_L001_R1_001	64.0	0.0	0.0	0.0	0.0	0.0	0.0	0.0	0.0	0.0	0.0	0.0	0.0	0.0	0.0	0.0	0.0	1.0	6.0	7.0	13.0	26.0	65.0	108.0	157.0	300.0	414.0	552.0	751.0	1047.0	1475.0	2055.0	3030.0	4645.0	6311.0	14883.0	86347.0
C034_S30_L001_R2_001	65.0	0.0	0.0	0.0	0.0	0.0	0.0	0.0	0.0	0.0	0.0	1.0	3.0	16.0	58.0	93.0	137.0	223.0	196.0	159.0	128.0	125.0	132.0	148.0	231.0	296.0	420.0	637.0	1034.0	1388.0	1317.0	1389.0	2162.0	2828.0	4459.0	13053.0	91559.0
C035_S31_L001_R1_001	95.0	0.0	0.0	0.0	0.0	0.0	0.0	0.0	0.0	0.0	0.0	0.0	0.0	0.0	0.0	0.0	0.0	1.0	3.0	9.0	17.0	31.0	62.0	114.0	198.0	335.0	466.0	560.0	778.0	1062.0	1373.0	2104.0	3285.0	5130.0	6126.0	14301.0	103894.0
C035_S31_L001_R2_001	97.0	0.0	0.0	0.0	0.0	0.0	0.0	0.0	0.0	0.0	0.0	0.0	2.0	13.0	48.0	77.0	147.0	223.0	204.0	170.0	160.0	157.0	189.0	245.0	309.0	437.0	590.0	831.0	1383.0	1867.0	1725.0	1953.0	2786.0	3512.0	5825.0	15304.0	101690.0
C036_S32_L001_R1_001	86.0	0.0	0.0	0.0	0.0	0.0	0.0	0.0	0.0	0.0	0.0	0.0	0.0	0.0	0.0	0.0	0.0	0.0	2.0	11.0	25.0	48.0	67.0	98.0	222.0	296.0	391.0	508.0	746.0	970.0	1320.0	1876.0	2964.0	4791.0	5928.0	13526.0	104830.0
C036_S32_L001_R2_001	92.0	0.0	0.0	0.0	0.0	0.0	0.0	0.0	0.0	0.0	0.0	0.0	0.0	13.0	78.0	100.0	147.0	271.0	308.0	258.0	183.0	203.0	221.0	285.0	376.0	479.0	651.0	988.0	1454.0	1922.0	1856.0	1957.0	2811.0	3563.0	6117.0	15377.0	98995.0
C037_S33_L001_R1_001	133.0	0.0	0.0	0.0	0.0	0.0	0.0	0.0	0.0	0.0	0.0	0.0	0.0	0.0	0.0	0.0	0.0	0.0	7.0	4.0	15.0	26.0	49.0	86.0	186.0	350.0	420.0	491.0	688.0	940.0	1300.0	1802.0	2844.0	4523.0	5436.0	12868.0	95537.0
C037_S33_L001_R2_001	134.0	0.0	0.0	0.0	0.0	0.0	0.0	0.0	0.0	0.0	0.0	0.0	2.0	19.0	78.0	83.0	113.0	182.0	203.0	154.0	125.0	147.0	134.0	189.0	231.0	311.0	475.0	779.0	1145.0	1678.0	1485.0	1635.0	2526.0	3050.0	4900.0	13267.0	94660.0
C038_S34_L001_R1_001	131.0	0.0	0.0	0.0	0.0	0.0	0.0	0.0	0.0	0.0	0.0	0.0	0.0	0.0	0.0	0.0	0.0	1.0	3.0	5.0	6.0	18.0	50.0	71.0	152.0	287.0	320.0	360.0	509.0	637.0	944.0	1388.0	2065.0	3346.0	4115.0	9338.0	73876.0
C038_S34_L001_R2_001	131.0	0.0	0.0	0.0	0.0	0.0	0.0	0.0	0.0	0.0	0.0	0.0	1.0	36.0	88.0	82.0	123.0	163.0	148.0	116.0	98.0	119.0	133.0	179.0	210.0	315.0	414.0	581.0	889.0	1282.0	1334.0	1267.0	2021.0	2396.0	4086.0	10380.0	71030.0
C039_S35_L001_R1_001	82.0	0.0	0.0	0.0	0.0	0.0	0.0	0.0	0.0	0.0	0.0	0.0	0.0	0.0	0.0	0.0	0.0	1.0	1.0	8.0	10.0	23.0	46.0	84.0	211.0	434.0	405.0	458.0	652.0	878.0	1118.0	1579.0	2388.0	3813.0	4992.0	11636.0	99947.0
C039_S35_L001_R2_001	81.0	0.0	0.0	0.0	0.0	0.0	0.0	0.0	0.0	0.0	0.0	0.0	2.0	16.0	115.0	152.0	232.0	304.0	270.0	189.0	151.0	167.0	189.0	247.0	362.0	443.0	610.0	815.0	1182.0	1684.0	1727.0	1822.0	2563.0	3397.0	5387.0	13813.0	92846.0
C040_S36_L001_R1_001	113.0	0.0	0.0	0.0	0.0	0.0	0.0	0.0	0.0	0.0	0.0	0.0	0.0	0.0	0.0	0.0	0.0	0.0	1.0	14.0	16.0	28.0	74.0	108.0	208.0	364.0	479.0	586.0	819.0	1088.0	1480.0	2106.0	3177.0	5047.0	6393.0	14828.0	108825.0
C040_S36_L001_R2_001	116.0	0.0	0.0	0.0	0.0	0.0	0.0	0.0	0.0	0.0	0.0	0.0	0.0	19.0	72.0	79.0	135.0	217.0	221.0	204.0	190.0	210.0	278.0	361.0	456.0	665.0	849.0	1125.0	1685.0	2067.0	2168.0	2481.0	3427.0	4128.0	6855.0	18093.0	99653.0
C041_S37_L001_R1_001	206.0	0.0	0.0	0.0	0.0	0.0	0.0	0.0	0.0	0.0	0.0	0.0	0.0	0.0	0.0	0.0	0.0	3.0	7.0	26.0	31.0	65.0	131.0	206.0	370.0	626.0	828.0	1133.0	1541.0	2218.0	2934.0	4341.0	6388.0	9311.0	12158.0	30526.0	177078.0
C041_S37_L001_R2_001	207.0	0.0	0.0	0.0	0.0	0.0	0.0	0.0	0.0	0.0	0.0	0.0	3.0	22.0	63.0	127.0	249.0	397.0	365.0	273.0	265.0	319.0	341.0	508.0	589.0	889.0	1237.0	1886.0	2823.0	3431.0	3302.0	4077.0	5465.0	7020.0	11936.0	33432.0	170901.0
C042_S38_L001_R1_001	84.0	0.0	0.0	0.0	0.0	0.0	0.0	0.0	0.0	0.0	0.0	0.0	0.0	0.0	0.0	0.0	0.0	0.0	4.0	14.0	18.0	35.0	51.0	98.0	174.0	307.0	433.0	578.0	782.0	1035.0	1424.0	1932.0	3035.0	5355.0	6679.0	14951.0	113893.0
C042_S38_L001_R2_001	88.0	0.0	0.0	0.0	0.0	0.0	0.0	0.0	0.0	0.0	0.0	0.0	1.0	13.0	54.0	86.0	171.0	225.0	223.0	176.0	179.0	157.0	249.0	282.0	326.0	465.0	619.0	913.0	1312.0	1883.0	2055.0	2259.0	3145.0	3689.0	6267.0	16216.0	109829.0
C043_S39_L001_R1_001	82.0	0.0	0.0	0.0	0.0	0.0	0.0	0.0	0.0	0.0	0.0	0.0	0.0	0.0	0.0	0.0	0.0	0.0	2.0	6.0	20.0	22.0	34.0	51.0	148.0	223.0	287.0	365.0	500.0	606.0	908.0	1250.0	1946.0	3345.0	3838.0	9049.0	69514.0
C043_S39_L001_R2_001	82.0	0.0	0.0	0.0	0.0	0.0	0.0	0.0	0.0	0.0	0.0	0.0	0.0	11.0	46.0	72.0	91.0	130.0	158.0	98.0	98.0	114.0	113.0	156.0	167.0	249.0	353.0	571.0	936.0	1248.0	1192.0	1271.0	1984.0	2208.0	3592.0	9689.0	67567.0
C044_S40_L001_R1_001	38.0	0.0	0.0	0.0	0.0	0.0	0.0	0.0	0.0	0.0	0.0	0.0	0.0	0.0	0.0	0.0	0.0	0.0	2.0	3.0	5.0	18.0	27.0	42.0	98.0	141.0	205.0	300.0	395.0	570.0	788.0	1089.0	1638.0	2829.0	3606.0	8155.0	60916.0
C044_S40_L001_R2_001	37.0	0.0	0.0	0.0	0.0	0.0	0.0	0.0	0.0	0.0	0.0	0.0	0.0	6.0	11.0	32.0	41.0	112.0	98.0	59.0	82.0	86.0	105.0	128.0	156.0	228.0	323.0	467.0	727.0	958.0	1080.0	1117.0	1611.0	2094.0	3398.0	8712.0	59197.0
C045_S41_L001_R1_001	837.0	0.0	0.0	0.0	0.0	0.0	0.0	0.0	0.0	0.0	0.0	0.0	0.0	0.0	0.0	0.0	0.0	2.0	8.0	11.0	30.0	32.0	73.0	98.0	146.0	254.0	297.0	475.0	559.0	808.0	1055.0	1446.0	2027.0	3168.0	4659.0	14007.0	66283.0
C045_S41_L001_R2_001	852.0	0.0	0.0	0.0	0.0	0.0	0.0	0.0	0.0	0.0	0.0	0.0	0.0	15.0	36.0	56.0	123.0	194.0	209.0	157.0	170.0	161.0	215.0	255.0	316.0	384.0	506.0	701.0	940.0	1137.0	1253.0	1409.0	2021.0	2668.0	4828.0	15766.0	61903.0
C046_S42_L001_R1_001	72.0	0.0	0.0	0.0	0.0	0.0	0.0	0.0	0.0	0.0	0.0	0.0	0.0	0.0	0.0	0.0	0.0	0.0	3.0	14.0	17.0	30.0	57.0	80.0	172.0	293.0	401.0	509.0	641.0	828.0	1194.0	1638.0	2657.0	4430.0	6085.0	12797.0	97987.0
C046_S42_L001_R2_001	73.0	0.0	0.0	0.0	0.0	0.0	0.0	0.0	0.0	0.0	0.0	0.0	1.0	13.0	58.0	79.0	153.0	221.0	195.0	160.0	127.0	141.0	170.0	192.0	275.0	359.0	517.0	708.0	1102.0	1584.0	1654.0	1767.0	2584.0	3268.0	4920.0	12853.0	96731.0
C047_S43_L001_R1_001	131.0	0.0	0.0	0.0	0.0	0.0	0.0	0.0	0.0	0.0	0.0	0.0	0.0	0.0	0.0	0.0	0.0	3.0	1.0	8.0	16.0	29.0	62.0	110.0	178.0	360.0	455.0	583.0	750.0	1113.0	1600.0	2194.0	3447.0	5338.0	6522.0	15693.0	113358.0
C047_S43_L001_R2_001	131.0	0.0	0.0	0.0	0.0	0.0	0.0	0.0	0.0	0.0	0.0	0.0	2.0	17.0	45.0	70.0	118.0	168.0	174.0	167.0	166.0	176.0	203.0	263.0	335.0	480.0	705.0	1006.0	1494.0	2046.0	1922.0	2185.0	3202.0	3854.0	6428.0	16965.0	109629.0
C048_S44_L001_R1_001	168.0	0.0	0.0	0.0	0.0	0.0	0.0	0.0	0.0	0.0	0.0	0.0	0.0	0.0	0.0	0.0	0.0	0.0	1.0	9.0	21.0	34.0	66.0	107.0	214.0	435.0	527.0	623.0	853.0	1182.0	1488.0	2243.0	3325.0	5367.0	7666.0	16820.0	123388.0
C048_S44_L001_R2_001	168.0	0.0	0.0	0.0	0.0	0.0	0.0	0.0	0.0	0.0	0.0	0.0	2.0	10.0	67.0	136.0	186.0	242.0	253.0	175.0	203.0	215.0	219.0	324.0	420.0	560.0	759.0	1075.0	1583.0	2127.0	2295.0	2424.0	3398.0	4626.0	7324.0	18372.0	117374.0
C049_S45_L001_R1_001	28.0	0.0	0.0	0.0	0.0	0.0	0.0	0.0	0.0	0.0	0.0	0.0	0.0	0.0	0.0	0.0	0.0	0.0	0.0	0.0	1.0	2.0	1.0	10.0	13.0	27.0	28.0	28.0	30.0	31.0	42.0	65.0	71.0	101.0	192.0	501.0	4320.0
C049_S45_L001_R2_001	28.0	0.0	0.0	0.0	0.0	0.0	0.0	0.0	0.0	0.0	0.0	0.0	1.0	1.0	5.0	17.0	15.0	23.0	19.0	14.0	17.0	13.0	8.0	9.0	8.0	17.0	10.0	23.0	20.0	29.0	47.0	57.0	79.0	124.0	208.0	553.0	4146.0
C050_S46_L001_R1_001	109.0	0.0	0.0	0.0	0.0	0.0	0.0	0.0	0.0	0.0	0.0	0.0	0.0	0.0	0.0	0.0	1.0	0.0	4.0	3.0	19.0	35.0	60.0	88.0	152.0	341.0	344.0	479.0	661.0	826.0	1112.0	1623.0	2662.0	4127.0	4696.0	11219.0	85971.0
C050_S46_L001_R2_001	112.0	0.0	0.0	0.0	0.0	0.0	0.0	0.0	0.0	0.0	0.0	0.0	3.0	12.0	50.0	95.0	105.0	220.0	194.0	177.0	144.0	144.0	232.0	270.0	344.0	504.0	653.0	895.0	1274.0	1727.0	1740.0	1887.0	2620.0	3085.0	5143.0	13162.0	79740.0
C051_S47_L001_R1_001	78.0	0.0	0.0	0.0	0.0	0.0	0.0	0.0	0.0	0.0	0.0	0.0	0.0	0.0	0.0	0.0	0.0	0.0	2.0	7.0	17.0	27.0	42.0	73.0	189.0	323.0	331.0	479.0	632.0	852.0	1198.0	1765.0	2789.0	4485.0	5091.0	12053.0	98280.0
C051_S47_L001_R2_001	77.0	0.0	0.0	0.0	0.0	0.0	0.0	0.0	0.0	0.0	0.0	0.0	2.0	17.0	66.0	80.0	102.0	177.0	192.0	153.0	161.0	168.0	215.0	282.0	365.0	509.0	660.0	967.0	1426.0	1889.0	1815.0	2017.0	2834.0	3496.0	5686.0	14660.0	90697.0
C052_S48_L001_R1_001	115.0	0.0	0.0	0.0	0.0	0.0	0.0	0.0	0.0	0.0	0.0	0.0	0.0	0.0	0.0	0.0	0.0	1.0	2.0	7.0	14.0	27.0	65.0	137.0	266.0	315.0	335.0	422.0	569.0	690.0	991.0	1528.0	2095.0	3708.0	5139.0	10872.0	80534.0
C052_S48_L001_R2_001	115.0	0.0	0.0	0.0	0.0	0.0	0.0	0.0	0.0	0.0	0.0	0.0	2.0	26.0	76.0	127.0	161.0	236.0	259.0	192.0	175.0	145.0	152.0	175.0	210.0	281.0	450.0	616.0	957.0	1309.0	1322.0	1502.0	2176.0	2715.0	4184.0	11344.0	78925.0
C053_S49_L001_R1_001	231.0	0.0	0.0	0.0	0.0	0.0	0.0	0.0	0.0	0.0	0.0	0.0	0.0	0.0	0.0	0.0	0.0	3.0	10.0	14.0	38.0	54.0	96.0	165.0	320.0	634.0	672.0	939.0	1150.0	1551.0	2162.0	3144.0	5013.0	7837.0	10022.0	22696.0	157331.0
C053_S49_L001_R2_001	230.0	0.0	0.0	0.0	0.0	0.0	0.0	0.0	0.0	0.0	0.0	0.0	8.0	58.0	164.0	183.0	280.0	354.0	325.0	238.0	246.0	260.0	293.0	395.0	498.0	674.0	1042.0	1352.0	2168.0	2844.0	2904.0	3178.0	4491.0	5737.0	9385.0	23483.0	153292.0
C054_S50_L001_R1_001	75.0	0.0	0.0	0.0	0.0	0.0	0.0	0.0	0.0	0.0	0.0	0.0	0.0	0.0	0.0	0.0	0.0	0.0	3.0	10.0	14.0	25.0	67.0	73.0	124.0	310.0	367.0	469.0	654.0	887.0	1135.0	1620.0	2461.0	4059.0	5356.0	11766.0	91426.0
C054_S50_L001_R2_001	73.0	0.0	0.0	0.0	0.0	0.0	0.0	0.0	0.0	0.0	0.0	0.0	1.0	11.0	50.0	86.0	122.0	196.0	163.0	149.0	133.0	140.0	174.0	203.0	259.0	376.0	488.0	710.0	1128.0	1585.0	1581.0	1684.0	2512.0	3056.0	5038.0	12976.0	88007.0
C055_S51_L001_R1_001	134.0	0.0	0.0	0.0	0.0	0.0	0.0	0.0	0.0	0.0	0.0	0.0	0.0	0.0	0.0	0.0	0.0	2.0	4.0	12.0	20.0	28.0	62.0	98.0	174.0	297.0	405.0	559.0	693.0	901.0	1324.0	1798.0	2574.0	4521.0	6302.0	13710.0	98261.0
C055_S51_L001_R2_001	137.0	0.0	0.0	0.0	0.0	0.0	0.0	0.0	0.0	0.0	0.0	0.0	1.0	18.0	49.0	76.0	127.0	183.0	186.0	145.0	134.0	145.0	165.0	213.0	231.0	341.0	520.0	661.0	1094.0	1571.0	1718.0	1844.0	2612.0	3424.0	4932.0	13554.0	97798.0
C056_S52_L001_R1_001	66.0	0.0	0.0	0.0	0.0	0.0	0.0	0.0	0.0	0.0	0.0	0.0	0.0	0.0	0.0	0.0	0.0	1.0	3.0	7.0	8.0	14.0	36.0	72.0	132.0	202.0	272.0	371.0	527.0	627.0	883.0	1256.0	2039.0	3407.0	4419.0	9466.0	79228.0
C056_S52_L001_R2_001	66.0	0.0	0.0	0.0	0.0	0.0	0.0	0.0	0.0	0.0	0.0	1.0	2.0	14.0	32.0	44.0	89.0	143.0	180.0	119.0	112.0	132.0	168.0	237.0	308.0	383.0	507.0	749.0	1087.0	1480.0	1376.0	1588.0	2259.0	2864.0	4627.0	12254.0	72215.0
C057_S53_L001_R1_001	239.0	0.0	0.0	0.0	0.0	0.0	0.0	0.0	0.0	0.0	0.0	0.0	0.0	0.0	0.0	0.0	0.0	2.0	5.0	16.0	24.0	41.0	100.0	145.0	342.0	595.0	720.0	808.0	1075.0	1285.0	1730.0	2576.0	4007.0	6660.0	7797.0	18295.0	140172.0
C057_S53_L001_R2_001	244.0	0.0	0.0	0.0	0.0	0.0	0.0	0.0	0.0	0.0	0.0	0.0	4.0	14.0	128.0	222.0	348.0	422.0	394.0	314.0	275.0	279.0	327.0	337.0	475.0	602.0	854.0	1304.0	1951.0	2607.0	2471.0	2839.0	3793.0	4751.0	8065.0	21221.0	132393.0
C058_S54_L001_R1_001	148.0	0.0	0.0	0.0	0.0	0.0	0.0	0.0	0.0	0.0	0.0	0.0	0.0	0.0	0.0	0.0	0.0	1.0	1.0	6.0	25.0	20.0	59.0	96.0	173.0	299.0	396.0	508.0	674.0	952.0	1259.0	1746.0	2597.0	4205.0	5553.0	12547.0	93251.0
C058_S54_L001_R2_001	147.0	0.0	0.0	0.0	0.0	0.0	0.0	0.0	0.0	0.0	0.0	0.0	1.0	21.0	67.0	65.0	121.0	181.0	197.0	147.0	169.0	166.0	168.0	253.0	309.0	439.0	645.0	876.0	1274.0	1618.0	1659.0	1960.0	2737.0	3357.0	5428.0	14152.0	88359.0
C059_S55_L001_R1_001	57.0	0.0	0.0	0.0	0.0	0.0	0.0	0.0	0.0	0.0	0.0	0.0	0.0	0.0	0.0	0.0	0.0	0.0	2.0	8.0	20.0	33.0	51.0	77.0	156.0	304.0	436.0	544.0	702.0	941.0	1302.0	1810.0	2801.0	4624.0	5888.0	13400.0	105321.0
C059_S55_L001_R2_001	59.0	0.0	0.0	0.0	0.0	0.0	0.0	0.0	0.0	0.0	0.0	0.0	4.0	13.0	57.0	102.0	168.0	202.0	189.0	163.0	162.0	173.0	246.0	332.0	398.0	489.0	688.0	910.0	1411.0	1835.0	1901.0	2018.0	2935.0	3717.0	5872.0	14916.0	99517.0
C060_S56_L001_R1_001	33.0	0.0	0.0	0.0	0.0	0.0	0.0	0.0	0.0	0.0	0.0	0.0	0.0	0.0	0.0	0.0	0.0	0.0	1.0	2.0	6.0	15.0	35.0	92.0	164.0	278.0	363.0	534.0	764.0	1068.0	1452.0	2119.0	2962.0	4430.0	6301.0	15791.0	108659.0
C060_S56_L001_R2_001	33.0	0.0	0.0	0.0	0.0	0.0	0.0	0.0	0.0	0.0	0.0	0.0	1.0	9.0	29.0	53.0	135.0	209.0	173.0	96.0	106.0	123.0	132.0	209.0	269.0	340.0	446.0	671.0	1018.0	1465.0	1515.0	1704.0	2628.0	3323.0	5896.0	15698.0	108788.0
C061_S57_L001_R1_001	62.0	0.0	0.0	0.0	0.0	0.0	0.0	0.0	0.0	0.0	0.0	0.0	0.0	0.0	0.0	1.0	0.0	0.0	1.0	4.0	6.0	27.0	33.0	60.0	110.0	261.0	279.0	350.0	438.0	602.0	848.0	1151.0	1857.0	2956.0	3685.0	8938.0	66367.0
C061_S57_L001_R2_001	60.0	0.0	0.0	0.0	0.0	0.0	0.0	0.0	0.0	0.0	0.0	0.0	1.0	12.0	64.0	92.0	140.0	189.0	115.0	100.0	91.0	84.0	86.0	107.0	164.0	217.0	319.0	447.0	742.0	976.0	996.0	1054.0	1532.0	2020.0	3313.0	8815.0	66300.0
C062_S58_L001_R1_001	50.0	0.0	0.0	0.0	0.0	0.0	0.0	0.0	0.0	0.0	0.0	0.0	0.0	0.0	0.0	0.0	0.0	1.0	0.0	4.0	7.0	16.0	21.0	38.0	104.0	194.0	243.0	230.0	319.0	414.0	567.0	852.0	1239.0	2112.0	2511.0	5972.0	49585.0
C062_S58_L001_R2_001	48.0	0.0	0.0	0.0	0.0	0.0	0.0	0.0	0.0	0.0	0.0	0.0	1.0	26.0	60.0	56.0	96.0	133.0	96.0	75.0	87.0	74.0	82.0	111.0	144.0	221.0	298.0	388.0	640.0	862.0	830.0	834.0	1258.0	1555.0	2644.0	6727.0	47133.0
C063_S59_L001_R1_001	23.0	0.0	0.0	0.0	0.0	0.0	0.0	0.0	0.0	0.0	0.0	0.0	0.0	0.0	0.0	0.0	0.0	0.0	0.0	1.0	6.0	9.0	20.0	30.0	51.0	83.0	106.0	121.0	156.0	224.0	299.0	436.0	664.0	1105.0	1286.0	3033.0	24075.0
C063_S59_L001_R2_001	23.0	0.0	0.0	0.0	0.0	0.0	0.0	0.0	0.0	0.0	0.0	0.0	2.0	2.0	16.0	23.0	30.0	45.0	54.0	59.0	44.0	52.0	55.0	86.0	92.0	145.0	199.0	305.0	372.0	509.0	476.0	533.0	733.0	925.0	1434.0	3844.0	21670.0
C064_S60_L001_R1_001	271.0	0.0	0.0	0.0	0.0	0.0	0.0	0.0	0.0	0.0	0.0	0.0	0.0	0.0	0.0	0.0	0.0	1.0	8.0	6.0	23.0	30.0	66.0	97.0	161.0	264.0	377.0	433.0	621.0	879.0	1194.0	1674.0	2633.0	3722.0	5002.0	12218.0	69580.0
C064_S60_L001_R2_001	265.0	0.0	0.0	0.0	0.0	0.0	0.0	0.0	0.0	0.0	0.0	0.0	2.0	16.0	31.0	50.0	89.0	145.0	147.0	108.0	109.0	140.0	136.0	193.0	226.0	323.0	428.0	645.0	1008.0	1243.0	1208.0	1354.0	2024.0	2525.0	4542.0	12349.0	69954.0
C066_S61_L001_R1_001	92.0	0.0	0.0	0.0	0.0	0.0	0.0	0.0	0.0	0.0	0.0	0.0	0.0	0.0	0.0	0.0	0.0	1.0	4.0	11.0	8.0	32.0	60.0	102.0	165.0	254.0	370.0	533.0	672.0	935.0	1368.0	1962.0	3102.0	4829.0	5569.0	13172.0	102371.0
C066_S61_L001_R2_001	96.0	0.0	0.0	0.0	0.0	0.0	0.0	0.0	0.0	0.0	0.0	0.0	2.0	15.0	33.0	42.0	120.0	202.0	223.0	172.0	173.0	213.0	253.0	351.0	444.0	564.0	802.0	1059.0	1512.0	2008.0	1919.0	2321.0	3224.0	3878.0	6338.0	16874.0	92774.0
C067_S62_L001_R1_001	53.0	0.0	0.0	0.0	0.0	0.0	0.0	0.0	0.0	0.0	0.0	0.0	0.0	0.0	0.0	0.0	0.0	1.0	2.0	10.0	18.0	27.0	53.0	92.0	156.0	284.0	364.0	470.0	593.0	813.0	1171.0	1597.0	2628.0	4160.0	4899.0	11560.0	92497.0
C067_S62_L001_R2_001	53.0	0.0	0.0	0.0	0.0	0.0	0.0	0.0	0.0	0.0	0.0	0.0	4.0	7.0	39.0	70.0	115.0	172.0	189.0	145.0	168.0	152.0	209.0	270.0	318.0	437.0	616.0	836.0	1290.0	1712.0	1699.0	1829.0	2591.0	3225.0	5439.0	13633.0	86230.0
C068_S63_L001_R1_001	66.0	0.0	0.0	0.0	0.0	0.0	0.0	0.0	0.0	0.0	0.0	0.0	0.0	0.0	0.0	0.0	0.0	1.0	5.0	9.0	25.0	32.0	67.0	128.0	217.0	330.0	480.0	619.0	794.0	1165.0	1679.0	2412.0	3813.0	5922.0	7056.0	16246.0	125871.0
C068_S63_L001_R2_001	65.0	0.0	0.0	0.0	0.0	0.0	0.0	0.0	0.0	0.0	0.0	0.0	1.0	18.0	78.0	105.0	195.0	227.0	235.0	197.0	139.0	188.0	203.0	275.0	368.0	443.0	669.0	965.0	1491.0	2161.0	2101.0	2098.0	3318.0	3764.0	6579.0	16582.0	124472.0
C069_S64_L001_R1_001	41.0	0.0	0.0	0.0	0.0	0.0	0.0	0.0	0.0	0.0	0.0	0.0	0.0	0.0	0.0	0.0	0.0	1.0	4.0	7.0	12.0	25.0	40.0	68.0	131.0	211.0	313.0	425.0	524.0	694.0	1004.0	1493.0	2221.0	3738.0	4116.0	10330.0	79175.0
C069_S64_L001_R2_001	41.0	0.0	0.0	0.0	0.0	0.0	0.0	0.0	0.0	0.0	0.0	0.0	0.0	11.0	26.0	51.0	83.0	128.0	148.0	146.0	107.0	159.0	166.0	221.0	249.0	388.0	483.0	717.0	1056.0	1523.0	1465.0	1559.0	2249.0	2820.0	4342.0	11760.0	74675.0
C070_S65_L001_R1_001	43.0	0.0	0.0	0.0	0.0	0.0	0.0	0.0	0.0	0.0	0.0	0.0	0.0	0.0	0.0	0.0	0.0	0.0	1.0	13.0	12.0	30.0	47.0	75.0	141.0	196.0	307.0	453.0	610.0	872.0	1167.0	1697.0	2624.0	3644.0	4846.0	12420.0	71046.0
C070_S65_L001_R2_001	44.0	0.0	0.0	0.0	0.0	0.0	0.0	0.0	0.0	0.0	0.0	0.0	2.0	5.0	28.0	40.0	94.0	147.0	159.0	136.0	127.0	167.0	168.0	213.0	303.0	412.0	642.0	946.0	1219.0	1415.0	1484.0	1887.0	2342.0	3201.0	5302.0	15712.0	64049.0
C071_S66_L001_R1_001	69.0	0.0	0.0	0.0	0.0	0.0	0.0	0.0	0.0	0.0	0.0	0.0	0.0	0.0	0.0	0.0	0.0	1.0	5.0	3.0	18.0	23.0	52.0	84.0	139.0	309.0	387.0	494.0	660.0	839.0	1263.0	1769.0	2686.0	4434.0	5154.0	12413.0	89966.0
C071_S66_L001_R2_001	69.0	0.0	0.0	0.0	0.0	0.0	0.0	0.0	0.0	0.0	0.0	0.0	3.0	13.0	45.0	72.0	177.0	257.0	240.0	214.0	171.0	151.0	188.0	209.0	296.0	387.0	536.0	820.0	1255.0	1681.0	1571.0	1804.0	2459.0	3067.0	5281.0	13792.0	86010.0
C072_S67_L001_R1_001	75.0	0.0	0.0	0.0	0.0	0.0	0.0	0.0	0.0	0.0	0.0	0.0	0.0	0.0	0.0	0.0	0.0	2.0	0.0	11.0	13.0	21.0	50.0	98.0	213.0	393.0	432.0	564.0	781.0	1048.0	1407.0	2027.0	3030.0	4623.0	6288.0	14776.0	115026.0
C072_S67_L001_R2_001	77.0	0.0	0.0	0.0	0.0	0.0	0.0	0.0	0.0	0.0	0.0	0.0	1.0	33.0	91.0	149.0	216.0	276.0	260.0	189.0	168.0	227.0	259.0	328.0	411.0	625.0	806.0	1108.0	1625.0	1992.0	2031.0	2403.0	3268.0	4200.0	6857.0	18310.0	104968.0
C073_S68_L001_R1_001	1448.0	0.0	0.0	0.0	0.0	0.0	0.0	0.0	0.0	0.0	0.0	0.0	0.0	0.0	0.0	0.0	0.0	0.0	0.0	3.0	12.0	31.0	85.0	134.0	569.0	1456.0	916.0	454.0	253.0	167.0	102.0	60.0	29.0	22.0	27.0	155.0	45.0
C073_S68_L001_R2_001	1462.0	0.0	0.0	0.0	0.0	0.0	0.0	0.0	0.0	0.0	0.0	0.0	3.0	72.0	485.0	709.0	637.0	613.0	493.0	352.0	249.0	164.0	136.0	89.0	59.0	67.0	43.0	33.0	17.0	15.0	18.0	11.0	16.0	16.0	26.0	156.0	27.0
C074_S69_L001_R1_001	53.0	0.0	0.0	0.0	0.0	0.0	0.0	0.0	0.0	0.0	0.0	0.0	0.0	0.0	0.0	0.0	0.0	1.0	2.0	7.0	22.0	30.0	67.0	117.0	236.0	320.0	435.0	562.0	797.0	1083.0	1541.0	2129.0	3349.0	5319.0	6325.0	15305.0	114276.0
C074_S69_L001_R2_001	53.0	0.0	0.0	0.0	0.0	0.0	0.0	0.0	0.0	0.0	0.0	0.0	2.0	12.0	54.0	94.0	123.0	272.0	292.0	203.0	171.0	174.0	224.0	235.0	350.0	509.0	643.0	943.0	1370.0	1994.0	1908.0	2065.0	3056.0	3628.0	6303.0	16185.0	111113.0
C075_S70_L001_R1_001	62.0	0.0	0.0	0.0	0.0	0.0	0.0	0.0	0.0	0.0	0.0	0.0	0.0	0.0	0.0	0.0	0.0	1.0	2.0	7.0	7.0	21.0	42.0	86.0	153.0	290.0	366.0	481.0	580.0	725.0	1049.0	1527.0	2367.0	3558.0	4766.0	11070.0	80102.0
C075_S70_L001_R2_001	62.0	0.0	0.0	0.0	0.0	0.0	0.0	0.0	0.0	0.0	0.0	0.0	2.0	13.0	61.0	107.0	171.0	220.0	166.0	141.0	116.0	138.0	184.0	202.0	251.0	365.0	498.0	712.0	1045.0	1451.0	1380.0	1581.0	2240.0	2882.0	4634.0	11930.0	76710.0
