Sample	37	42	47	52	57	62	67	72	77	82	87	92	97	102	107	112	117	122	127	132	137	142	147	151
C001_S1_L001_R1_001	474.0	136.0	233.0	114.0	270.0	93.0	152.0	2199.0	143.0	137.0	3647.0	583.0	102.0	1761.0	117.0	79.0	68.0	93.0	67.0	63.0	113.0	82.0	7911.0	117505.0
C001_S1_L001_R2_001	470.0	137.0	238.0	117.0	269.0	91.0	153.0	2187.0	145.0	139.0	3659.0	594.0	102.0	1757.0	122.0	77.0	69.0	91.0	69.0	62.0	110.0	83.0	7030.0	118371.0
C002_S2_L001_R1_001	218.0	82.0	169.0	70.0	185.0	52.0	101.0	2345.0	76.0	85.0	2799.0	560.0	55.0	1459.0	83.0	26.0	36.0	44.0	42.0	25.0	52.0	40.0	6685.0	106580.0
C002_S2_L001_R2_001	216.0	83.0	173.0	71.0	191.0	53.0	101.0	2380.0	79.0	86.0	2825.0	566.0	54.0	1482.0	86.0	25.0	32.0	44.0	40.0	23.0	51.0	40.0	5745.0	107423.0
C003_S3_L001_R1_001	176.0	79.0	132.0	49.0	143.0	44.0	81.0	1875.0	60.0	77.0	2501.0	511.0	39.0	1263.0	64.0	21.0	28.0	32.0	35.0	26.0	34.0	33.0	5583.0	88700.0
C003_S3_L001_R2_001	176.0	79.0	129.0	47.0	144.0	46.0	84.0	1904.0	62.0	75.0	2559.0	525.0	38.0	1287.0	65.0	22.0	28.0	33.0	34.0	28.0	34.0	35.0	4790.0	89362.0
C004_S4_L001_R1_001	321.0	119.0	209.0	89.0	220.0	78.0	125.0	2796.0	102.0	104.0	3193.0	757.0	55.0	1770.0	102.0	40.0	35.0	43.0	64.0	38.0	55.0	49.0	8081.0	127488.0
C004_S4_L001_R2_001	333.0	120.0	215.0	91.0	218.0	80.0	131.0	2833.0	100.0	104.0	3249.0	776.0	55.0	1817.0	102.0	42.0	36.0	44.0	61.0	38.0	54.0	49.0	7023.0	128362.0
C005_S5_L001_R1_001	217.0	87.0	179.0	48.0	152.0	71.0	90.0	1714.0	65.0	64.0	2419.0	482.0	57.0	1294.0	78.0	23.0	27.0	35.0	41.0	23.0	39.0	32.0	5668.0	87567.0
C005_S5_L001_R2_001	216.0	88.0	175.0	50.0	158.0	72.0	91.0	1728.0	63.0	65.0	2452.0	490.0	53.0	1309.0	78.0	23.0	25.0	36.0	44.0	25.0	39.0	33.0	4914.0	88245.0
C006_S6_L001_R1_001	737.0	318.0	342.0	267.0	353.0	214.0	267.0	1790.0	221.0	200.0	2237.0	534.0	210.0	1275.0	233.0	138.0	173.0	164.0	145.0	134.0	173.0	138.0	5177.0	80281.0
C006_S6_L001_R2_001	735.0	323.0	350.0	272.0	355.0	207.0	269.0	1801.0	223.0	201.0	2254.0	541.0	207.0	1288.0	238.0	139.0	176.0	167.0	144.0	134.0	170.0	135.0	4818.0	80574.0
C007_S7_L001_R1_001	417.0	120.0	251.0	78.0	252.0	73.0	137.0	2961.0	124.0	107.0	3774.0	678.0	80.0	1919.0	109.0	30.0	61.0	65.0	52.0	34.0	72.0	47.0	9333.0	149520.0
C007_S7_L001_R2_001	414.0	128.0	252.0	81.0	253.0	73.0	140.0	2979.0	126.0	109.0	3817.0	686.0	81.0	1945.0	109.0	30.0	60.0	65.0	53.0	35.0	71.0	47.0	8087.0	150653.0
C008_S8_L001_R1_001	242.0	115.0	202.0	60.0	257.0	57.0	104.0	2320.0	82.0	101.0	2777.0	607.0	56.0	1598.0	86.0	20.0	30.0	43.0	38.0	21.0	64.0	43.0	6595.0	107336.0
C008_S8_L001_R2_001	245.0	119.0	204.0	61.0	256.0	58.0	108.0	2347.0	81.0	100.0	2836.0	613.0	55.0	1625.0	91.0	19.0	31.0	46.0	37.0	19.0	67.0	44.0	5783.0	108009.0
C009_S9_L001_R1_001	3095.0	1304.0	2474.0	916.0	2540.0	816.0	1322.0	29886.0	1079.0	1031.0	33572.0	7530.0	778.0	19828.0	1164.0	440.0	476.0	589.0	621.0	450.0	611.0	512.0	89307.0	1395649.0
C009_S9_L001_R2_001	3143.0	1313.0	2513.0	932.0	2578.0	820.0	1342.0	30295.0	1089.0	1042.0	34204.0	7647.0	782.0	20186.0	1187.0	447.0	485.0	591.0	632.0	446.0	620.0	517.0	77200.0	1405979.0
C010_S10_L001_R1_001	282.0	101.0	191.0	74.0	213.0	60.0	101.0	2467.0	78.0	73.0	2602.0	665.0	51.0	1664.0	78.0	23.0	24.0	52.0	38.0	40.0	35.0	36.0	6614.0	107745.0
C010_S10_L001_R2_001	281.0	97.0	197.0	80.0	219.0	61.0	99.0	2495.0	79.0	75.0	2639.0	666.0	52.0	1698.0	77.0	22.0	25.0	53.0	35.0	40.0	34.0	34.0	6038.0	108211.0
C011_S11_L001_R1_001	191.0	72.0	193.0	54.0	174.0	56.0	82.0	1887.0	64.0	64.0	1943.0	482.0	41.0	1076.0	73.0	22.0	23.0	29.0	39.0	25.0	41.0	40.0	4942.0	86249.0
C011_S11_L001_R2_001	191.0	70.0	198.0	53.0	175.0	55.0	86.0	1898.0	67.0	64.0	1959.0	485.0	40.0	1092.0	73.0	22.0	24.0	28.0	38.0	26.0	41.0	39.0	4446.0	86692.0
C012_S12_L001_R1_001	1677.0	924.0	918.0	808.0	869.0	730.0	732.0	2658.0	689.0	643.0	2555.0	1053.0	707.0	1517.0	555.0	507.0	459.0	480.0	429.0	393.0	431.0	358.0	7004.0	99753.0
C012_S12_L001_R2_001	1694.0	932.0	928.0	820.0	876.0	738.0	741.0	2684.0	682.0	653.0	2577.0	1043.0	713.0	1534.0	549.0	513.0	466.0	487.0	423.0	392.0	440.0	354.0	6323.0	100287.0
C013_S13_L001_R1_001	9471.0	5563.0	5702.0	5133.0	5442.0	4921.0	4938.0	11679.0	4635.0	4309.0	12112.0	5813.0	4983.0	8605.0	3686.0	3237.0	3241.0	3315.0	3011.0	2915.0	3231.0	2648.0	34687.0	456877.0
C013_S13_L001_R2_001	9490.0	5571.0	5712.0	5126.0	5456.0	4904.0	4940.0	11722.0	4637.0	4303.0	12160.0	5816.0	5020.0	8632.0	3683.0	3237.0	3239.0	3300.0	3005.0	2914.0	3223.0	2646.0	32108.0	459310.0
C014_S14_L001_R1_001	344.0	99.0	193.0	75.0	214.0	69.0	106.0	1869.0	86.0	82.0	2248.0	590.0	71.0	1547.0	91.0	33.0	31.0	47.0	36.0	31.0	49.0	44.0	6788.0	110332.0
C014_S14_L001_R2_001	345.0	98.0	199.0	76.0	213.0	69.0	111.0	1890.0	85.0	82.0	2276.0	599.0	74.0	1567.0	93.0	34.0	30.0	49.0	34.0	31.0	49.0	46.0	6069.0	110956.0
C016_S15_L001_R1_001	406.0	37.0	34.0	48.0	34.0	72.0	54.0	4530.0	50.0	78.0	1372.0	1098.0	86.0	247.0	53.0	41.0	37.0	40.0	54.0	24.0	23.0	24.0	4291.0	125807.0
C016_S15_L001_R2_001	411.0	35.0	37.0	48.0	36.0	77.0	55.0	4622.0	51.0	77.0	1397.0	1123.0	90.0	254.0	54.0	40.0	34.0	40.0	57.0	22.0	23.0	26.0	4236.0	125695.0
C017_S16_L001_R1_001	254.0	104.0	202.0	64.0	224.0	67.0	90.0	2150.0	82.0	75.0	3176.0	505.0	78.0	1611.0	96.0	23.0	26.0	43.0	43.0	29.0	48.0	36.0	6585.0	103152.0
C017_S16_L001_R2_001	256.0	109.0	201.0	65.0	227.0	68.0	89.0	2192.0	89.0	77.0	3225.0	511.0	79.0	1614.0	100.0	23.0	28.0	44.0	45.0	29.0	51.0	36.0	5902.0	103703.0
C018_S17_L001_R1_001	258.0	97.0	194.0	72.0	244.0	73.0	126.0	2667.0	108.0	95.0	3230.0	691.0	73.0	1682.0	95.0	31.0	42.0	59.0	44.0	48.0	52.0	45.0	7816.0	122903.0
C018_S17_L001_R2_001	267.0	101.0	190.0	75.0	242.0	73.0	126.0	2686.0	108.0	95.0	3261.0	695.0	76.0	1706.0	97.0	32.0	44.0	58.0	45.0	45.0	55.0	44.0	6796.0	123828.0
C020_S18_L001_R1_001	405.0	180.0	374.0	128.0	476.0	120.0	208.0	5516.0	199.0	200.0	6050.0	1390.0	139.0	3365.0	222.0	78.0	98.0	124.0	98.0	84.0	117.0	77.0	15812.0	250172.0
C020_S18_L001_R2_001	409.0	179.0	375.0	130.0	476.0	125.0	210.0	5542.0	205.0	202.0	6112.0	1407.0	138.0	3420.0	226.0	81.0	95.0	127.0	95.0	84.0	121.0	77.0	13787.0	252009.0
C021_S19_L001_R1_001	320.0	124.0	250.0	78.0	263.0	75.0	117.0	2913.0	107.0	96.0	3273.0	687.0	67.0	1917.0	100.0	36.0	44.0	66.0	63.0	40.0	64.0	50.0	8106.0	130537.0
C021_S19_L001_R2_001	323.0	132.0	248.0	80.0	268.0	76.0	118.0	2947.0	105.0	97.0	3326.0	689.0	68.0	1961.0	104.0	37.0	41.0	69.0	64.0	44.0	62.0	50.0	7176.0	131308.0
C022_S20_L001_R1_001	281.0	105.0	210.0	73.0	266.0	69.0	144.0	3012.0	96.0	94.0	3523.0	764.0	71.0	1862.0	107.0	30.0	44.0	64.0	48.0	29.0	62.0	36.0	8471.0	134187.0
C022_S20_L001_R2_001	286.0	104.0	215.0	77.0	267.0	71.0	142.0	3081.0	97.0	98.0	3611.0	796.0	71.0	1915.0	109.0	33.0	46.0	64.0	49.0	31.0	63.0	37.0	7253.0	135132.0
C023_S21_L001_R1_001	323.0	166.0	228.0	96.0	289.0	78.0	152.0	3275.0	156.0	121.0	4397.0	839.0	75.0	2052.0	147.0	29.0	41.0	55.0	55.0	46.0	76.0	44.0	8535.0	139032.0
C023_S21_L001_R2_001	328.0	166.0	229.0	98.0	296.0	76.0	153.0	3307.0	154.0	123.0	4479.0	843.0	76.0	2077.0	151.0	30.0	42.0	58.0	55.0	47.0	78.0	45.0	7497.0	139899.0
C026_S22_L001_R1_001	265.0	79.0	173.0	54.0	243.0	52.0	92.0	1886.0	94.0	79.0	2800.0	590.0	64.0	1591.0	99.0	34.0	35.0	53.0	41.0	34.0	53.0	23.0	6778.0	112597.0
C026_S22_L001_R2_001	264.0	81.0	168.0	54.0	243.0	54.0	90.0	1905.0	98.0	78.0	2839.0	589.0	64.0	1608.0	101.0	33.0	34.0	56.0	41.0	35.0	54.0	23.0	6201.0	113096.0
C027_S23_L001_R1_001	168.0	54.0	124.0	53.0	137.0	37.0	89.0	1449.0	67.0	64.0	1823.0	427.0	54.0	1071.0	55.0	22.0	21.0	38.0	39.0	28.0	56.0	34.0	4816.0	77928.0
C027_S23_L001_R2_001	168.0	56.0	128.0	53.0	136.0	37.0	87.0	1460.0	68.0	65.0	1843.0	436.0	54.0	1084.0	56.0	21.0	23.0	39.0	39.0	25.0	59.0	33.0	4274.0	78410.0
C028_S24_L001_R1_001	190.0	51.0	126.0	43.0	139.0	34.0	65.0	1230.0	72.0	56.0	1820.0	343.0	64.0	933.0	67.0	23.0	31.0	41.0	38.0	42.0	50.0	33.0	4354.0	71084.0
C028_S24_L001_R2_001	194.0	52.0	130.0	45.0	145.0	34.0	67.0	1246.0	71.0	56.0	1855.0	345.0	65.0	940.0	67.0	25.0	33.0	40.0	37.0	42.0	49.0	33.0	3988.0	71370.0
C029_S25_L001_R1_001	271.0	91.0	205.0	72.0	260.0	67.0	116.0	2819.0	109.0	102.0	3338.0	618.0	61.0	1758.0	73.0	41.0	38.0	61.0	49.0	29.0	67.0	50.0	8138.0	127665.0
C029_S25_L001_R2_001	274.0	92.0	205.0	72.0	264.0	67.0	116.0	2869.0	113.0	102.0	3365.0	620.0	62.0	1790.0	75.0	40.0	39.0	61.0	52.0	31.0	67.0	53.0	7044.0	128625.0
C030_S26_L001_R1_001	368.0	102.0	181.0	66.0	231.0	65.0	105.0	2194.0	151.0	92.0	2732.0	540.0	65.0	1412.0	84.0	37.0	46.0	47.0	68.0	30.0	50.0	39.0	6816.0	106327.0
C030_S26_L001_R2_001	357.0	103.0	179.0	66.0	233.0	62.0	101.0	2187.0	150.0	93.0	2722.0	537.0	65.0	1420.0	85.0	38.0	47.0	46.0	69.0	30.0	50.0	43.0	5936.0	107229.0
C031_S27_L001_R1_001	234.0	107.0	194.0	57.0	237.0	44.0	99.0	2629.0	87.0	75.0	2869.0	634.0	49.0	1534.0	100.0	30.0	33.0	55.0	33.0	30.0	50.0	45.0	7518.0	112967.0
C031_S27_L001_R2_001	237.0	106.0	196.0	58.0	235.0	46.0	103.0	2659.0	91.0	76.0	2923.0	652.0	50.0	1568.0	102.0	29.0	36.0	57.0	31.0	28.0	49.0	43.0	6252.0	114083.0
C032_S28_L001_R1_001	189.0	67.0	161.0	58.0	180.0	48.0	94.0	1747.0	73.0	72.0	2179.0	444.0	51.0	1903.0	78.0	35.0	50.0	49.0	51.0	34.0	65.0	37.0	6892.0	107122.0
C032_S28_L001_R2_001	194.0	65.0	161.0	62.0	184.0	49.0	91.0	1784.0	77.0	69.0	2187.0	454.0	52.0	1965.0	80.0	34.0	49.0	51.0	52.0	35.0	66.0	37.0	6072.0	107809.0
C033_S29_L001_R1_001	434.0	171.0	318.0	122.0	332.0	105.0	180.0	4426.0	151.0	153.0	5217.0	998.0	93.0	2776.0	138.0	53.0	67.0	76.0	78.0	58.0	87.0	62.0	12486.0	203509.0
C033_S29_L001_R2_001	440.0	179.0	330.0	127.0	340.0	105.0	185.0	4493.0	155.0	160.0	5294.0	1003.0	96.0	2810.0	149.0	56.0	66.0	76.0	77.0	57.0	88.0	62.0	11283.0	204459.0
C034_S30_L001_R1_001	239.0	96.0	186.0	66.0	194.0	57.0	116.0	2346.0	75.0	78.0	2711.0	560.0	53.0	1515.0	77.0	25.0	33.0	37.0	47.0	24.0	46.0	30.0	6500.0	107146.0
C034_S30_L001_R2_001	247.0	98.0	191.0	69.0	204.0	57.0	118.0	2393.0	77.0	81.0	2788.0	582.0	54.0	1538.0	77.0	26.0	34.0	38.0	48.0	24.0	47.0	31.0	5642.0	107793.0
C035_S31_L001_R1_001	293.0	115.0	230.0	83.0	206.0	68.0	120.0	2294.0	92.0	98.0	3207.0	746.0	56.0	1612.0	95.0	29.0	31.0	47.0	61.0	46.0	71.0	36.0	7876.0	122432.0
C035_S31_L001_R2_001	299.0	117.0	233.0	85.0	209.0	67.0	123.0	2317.0	93.0	98.0	3252.0	759.0	60.0	1622.0	97.0	30.0	32.0	49.0	60.0	46.0	72.0	37.0	6650.0	123537.0
C036_S32_L001_R1_001	300.0	118.0	227.0	69.0	245.0	75.0	120.0	2508.0	114.0	111.0	3238.0	632.0	59.0	1536.0	76.0	38.0	37.0	42.0	40.0	31.0	59.0	31.0	7698.0	121301.0
C036_S32_L001_R2_001	306.0	123.0	233.0	69.0	245.0	76.0	121.0	2563.0	118.0	115.0	3322.0	643.0	61.0	1576.0	77.0	39.0	39.0	43.0	44.0	31.0	60.0	31.0	6782.0	121988.0
C037_S33_L001_R1_001	304.0	85.0	196.0	66.0	204.0	62.0	91.0	2776.0	88.0	89.0	3123.0	674.0	49.0	1430.0	76.0	34.0	33.0	42.0	44.0	36.0	49.0	42.0	6205.0	111907.0
C037_S33_L001_R2_001	314.0	87.0	202.0	67.0	213.0	64.0	92.0	2811.0	87.0	86.0	3168.0	690.0	51.0	1435.0	76.0	32.0	33.0	43.0	44.0	36.0	50.0	44.0	5336.0	112644.0
C038_S34_L001_R1_001	292.0	93.0	145.0	64.0	172.0	43.0	85.0	1819.0	86.0	75.0	2421.0	451.0	64.0	1175.0	66.0	27.0	23.0	40.0	45.0	29.0	41.0	25.0	5115.0	85226.0
C038_S34_L001_R2_001	293.0	95.0	146.0	62.0	174.0	44.0	85.0	1814.0	89.0	76.0	2431.0	451.0	64.0	1178.0	65.0	27.0	22.0	42.0	45.0	31.0	39.0	22.0	4721.0	85606.0
C039_S35_L001_R1_001	253.0	89.0	172.0	59.0	225.0	55.0	91.0	1842.0	93.0	66.0	2600.0	512.0	68.0	1584.0	92.0	43.0	29.0	51.0	48.0	39.0	60.0	48.0	7297.0	113350.0
C039_S35_L001_R2_001	250.0	85.0	174.0	62.0	223.0	55.0	93.0	1843.0	93.0	66.0	2589.0	512.0	65.0	1584.0	91.0	42.0	30.0	51.0	48.0	37.0	64.0	48.0	6413.0	114248.0
C040_S36_L001_R1_001	321.0	115.0	229.0	74.0	243.0	62.0	119.0	2822.0	105.0	94.0	3103.0	719.0	64.0	1801.0	119.0	35.0	43.0	51.0	55.0	42.0	53.0	32.0	8095.0	127358.0
C040_S36_L001_R2_001	322.0	119.0	228.0	74.0	244.0	63.0	119.0	2845.0	106.0	95.0	3152.0	730.0	64.0	1808.0	118.0	33.0	41.0	55.0	54.0	41.0	51.0	31.0	7084.0	128277.0
C041_S37_L001_R1_001	568.0	201.0	429.0	140.0	434.0	132.0	257.0	4984.0	199.0	178.0	5870.0	1251.0	134.0	2791.0	174.0	59.0	58.0	73.0	100.0	86.0	106.0	68.0	13426.0	218409.0
C041_S37_L001_R2_001	571.0	203.0	446.0	145.0	446.0	133.0	260.0	5102.0	204.0	179.0	5989.0	1280.0	145.0	2873.0	177.0	61.0	58.0	76.0	99.0	86.0	108.0	66.0	11729.0	219691.0
C042_S38_L001_R1_001	314.0	124.0	217.0	89.0	241.0	85.0	127.0	2730.0	133.0	98.0	3624.0	661.0	72.0	1929.0	120.0	38.0	44.0	56.0	61.0	46.0	59.0	41.0	8437.0	131536.0
C042_S38_L001_R2_001	321.0	126.0	218.0	93.0	249.0	85.0	131.0	2786.0	135.0	97.0	3687.0	682.0	72.0	1978.0	120.0	38.0	44.0	57.0	61.0	46.0	59.0	40.0	7460.0	132297.0
C043_S39_L001_R1_001	202.0	103.0	169.0	66.0	142.0	56.0	118.0	1928.0	54.0	67.0	2083.0	469.0	51.0	1120.0	77.0	40.0	33.0	36.0	32.0	28.0	31.0	27.0	5025.0	80239.0
C043_S39_L001_R2_001	208.0	105.0	165.0	67.0	147.0	57.0	113.0	1952.0	55.0	66.0	2110.0	472.0	52.0	1140.0	78.0	38.0	32.0	36.0	31.0	27.0	31.0	27.0	4209.0	80978.0
C044_S40_L001_R1_001	146.0	69.0	104.0	55.0	158.0	34.0	82.0	1634.0	67.0	65.0	1961.0	426.0	33.0	973.0	59.0	15.0	25.0	34.0	29.0	29.0	45.0	29.0	4426.0	70367.0
C044_S40_L001_R2_001	145.0	69.0	110.0	59.0	158.0	38.0	84.0	1665.0	66.0	65.0	2009.0	431.0	34.0	994.0	58.0	17.0	26.0	35.0	29.0	31.0	46.0	29.0	3924.0	70743.0
C045_S41_L001_R1_001	1762.0	992.0	1019.0	965.0	1016.0	912.0	917.0	2010.0	767.0	865.0	2185.0	1004.0	1045.0	1422.0	701.0	608.0	607.0	655.0	616.0	569.0	615.0	514.0	5461.0	69048.0
C045_S41_L001_R2_001	1778.0	1007.0	1035.0	982.0	1020.0	922.0	937.0	2039.0	772.0	883.0	2224.0	1017.0	1048.0	1439.0	708.0	609.0	631.0	658.0	611.0	572.0	621.0	520.0	5101.0	69141.0
C046_S42_L001_R1_001	275.0	98.0	189.0	70.0	249.0	63.0	123.0	2549.0	127.0	101.0	3325.0	659.0	68.0	1494.0	74.0	33.0	39.0	41.0	44.0	30.0	54.0	33.0	7283.0	112884.0
C046_S42_L001_R2_001	279.0	101.0	198.0	70.0	252.0	64.0	121.0	2590.0	132.0	100.0	3359.0	674.0	70.0	1524.0	80.0	32.0	39.0	46.0	44.0	29.0	53.0	36.0	6010.0	114002.0
C047_S43_L001_R1_001	347.0	96.0	240.0	78.0	245.0	72.0	132.0	2706.0	113.0	106.0	3441.0	724.0	58.0	1763.0	110.0	39.0	44.0	48.0	65.0	45.0	89.0	40.0	8410.0	132940.0
C047_S43_L001_R2_001	340.0	99.0	236.0	77.0	248.0	76.0	136.0	2728.0	115.0	108.0	3470.0	735.0	60.0	1778.0	112.0	38.0	41.0	49.0	62.0	44.0	86.0	40.0	7296.0	133977.0
C048_S44_L001_R1_001	422.0	143.0	271.0	103.0	287.0	84.0	125.0	3219.0	126.0	126.0	3692.0	796.0	80.0	1794.0	117.0	38.0	36.0	59.0	69.0	39.0	54.0	56.0	9268.0	143533.0
C048_S44_L001_R2_001	424.0	141.0	277.0	107.0	295.0	83.0	122.0	3266.0	128.0	128.0	3770.0	809.0	81.0	1825.0	123.0	38.0	38.0	60.0	67.0	38.0	54.0	59.0	7869.0	144735.0
C049_S45_L001_R1_001	30.0	2.0	0.0	2.0	4.0	0.0	4.0	3.0	4.0	2.0	91.0	2.0	2.0	30.0	5.0	0.0	5.0	1.0	4.0	8.0	1.0	1.0	230.0	5060.0
C049_S45_L001_R2_001	30.0	2.0	0.0	2.0	4.0	0.0	4.0	2.0	4.0	2.0	94.0	3.0	2.0	28.0	5.0	0.0	4.0	1.0	4.0	8.0	1.0	1.0	238.0	5052.0
C050_S46_L001_R1_001	286.0	129.0	202.0	82.0	212.0	64.0	125.0	2283.0	68.0	90.0	2567.0	546.0	75.0	1363.0	85.0	47.0	47.0	49.0	44.0	44.0	57.0	44.0	6482.0	99541.0
C050_S46_L001_R2_001	292.0	127.0	206.0	80.0	214.0	70.0	126.0	2297.0	67.0	95.0	2579.0	549.0	76.0	1347.0	87.0	46.0	46.0	49.0	45.0	43.0	57.0	44.0	5533.0	100457.0
C051_S47_L001_R1_001	274.0	94.0	174.0	75.0	216.0	63.0	98.0	2462.0	100.0	84.0	3157.0	547.0	65.0	1558.0	84.0	31.0	40.0	44.0	48.0	37.0	40.0	27.0	7214.0	112181.0
C051_S47_L001_R2_001	274.0	95.0	177.0	76.0	222.0	65.0	102.0	2495.0	97.0	85.0	3194.0	550.0	65.0	1583.0	86.0	31.0	38.0	48.0	46.0	39.0	41.0	26.0	6382.0	112896.0
C052_S48_L001_R1_001	262.0	108.0	171.0	68.0	178.0	45.0	86.0	1969.0	80.0	73.0	2485.0	502.0	42.0	1314.0	79.0	32.0	29.0	42.0	47.0	44.0	42.0	39.0	6117.0	93978.0
C052_S48_L001_R2_001	261.0	113.0	170.0	71.0	181.0	47.0	92.0	1998.0	79.0	75.0	2541.0	516.0	43.0	1329.0	79.0	29.0	31.0	40.0	47.0	46.0	42.0	42.0	5366.0	94594.0
C053_S49_L001_R1_001	583.0	189.0	334.0	107.0	319.0	111.0	176.0	3614.0	180.0	146.0	4601.0	1018.0	91.0	2582.0	175.0	49.0	68.0	63.0	90.0	60.0	79.0	61.0	12935.0	186451.0
C053_S49_L001_R2_001	569.0	189.0	329.0	104.0	327.0	110.0	173.0	3602.0	180.0	150.0	4587.0	1021.0	96.0	2571.0	172.0	48.0	68.0	67.0	92.0	61.0	82.0	63.0	11256.0	188165.0
C054_S50_L001_R1_001	257.0	106.0	186.0	86.0	202.0	61.0	124.0	2248.0	97.0	92.0	3251.0	494.0	67.0	1514.0	81.0	38.0	37.0	47.0	50.0	39.0	47.0	40.0	6860.0	104877.0
C054_S50_L001_R2_001	254.0	106.0	190.0	85.0	207.0	63.0	126.0	2248.0	97.0	94.0	3287.0	495.0	68.0	1518.0	83.0	40.0	36.0	47.0	51.0	38.0	45.0	40.0	5926.0	105757.0
C055_S51_L001_R1_001	387.0	174.0	257.0	159.0	317.0	127.0	142.0	1997.0	188.0	128.0	2854.0	589.0	125.0	1631.0	137.0	65.0	77.0	96.0	112.0	66.0	118.0	78.0	7682.0	114373.0
C055_S51_L001_R2_001	398.0	182.0	261.0	160.0	320.0	128.0	142.0	2017.0	195.0	126.0	2889.0	593.0	126.0	1671.0	142.0	65.0	77.0	96.0	111.0	71.0	120.0	77.0	6739.0	115173.0
C056_S52_L001_R1_001	209.0	81.0	165.0	43.0	198.0	51.0	102.0	1808.0	82.0	58.0	2205.0	488.0	61.0	1116.0	79.0	29.0	40.0	38.0	36.0	27.0	46.0	33.0	5972.0	90069.0
C056_S52_L001_R2_001	208.0	84.0	163.0	42.0	203.0	53.0	101.0	1837.0	80.0	59.0	2230.0	492.0	63.0	1140.0	79.0	26.0	41.0	38.0	37.0	26.0	48.0	33.0	5145.0	90808.0
C057_S53_L001_R1_001	576.0	226.0	363.0	131.0	384.0	139.0	228.0	3239.0	186.0	164.0	4105.0	844.0	166.0	2240.0	146.0	78.0	77.0	99.0	116.0	90.0	124.0	90.0	10606.0	162217.0
C057_S53_L001_R2_001	584.0	231.0	361.0	137.0	386.0	134.0	231.0	3284.0	193.0	161.0	4130.0	853.0	165.0	2247.0	148.0	79.0	80.0	95.0	115.0	90.0	124.0	93.0	9210.0	163503.0
C058_S54_L001_R1_001	338.0	107.0	168.0	79.0	219.0	55.0	100.0	2400.0	88.0	83.0	2876.0	591.0	52.0	1371.0	93.0	27.0	38.0	44.0	43.0	23.0	60.0	48.0	6683.0	108930.0
C058_S54_L001_R2_001	342.0	106.0	167.0	80.0	222.0	54.0	101.0	2429.0	86.0	76.0	2923.0	599.0	49.0	1369.0	89.0	24.0	39.0	44.0	46.0	24.0	58.0	48.0	5948.0	109593.0
C059_S55_L001_R1_001	244.0	110.0	194.0	79.0	235.0	64.0	119.0	2381.0	121.0	76.0	2968.0	647.0	63.0	1585.0	87.0	35.0	42.0	53.0	55.0	31.0	58.0	44.0	7945.0	121241.0
C059_S55_L001_R2_001	249.0	113.0	190.0	79.0	240.0	65.0	116.0	2405.0	122.0	78.0	3027.0	666.0	65.0	1595.0	87.0	34.0	47.0	54.0	53.0	28.0	56.0	45.0	6755.0	122308.0
C060_S56_L001_R1_001	141.0	47.0	109.0	58.0	211.0	68.0	71.0	1370.0	95.0	81.0	2748.0	1017.0	52.0	2222.0	118.0	35.0	48.0	49.0	36.0	42.0	53.0	40.0	8089.0	128269.0
C060_S56_L001_R2_001	139.0	47.0	112.0	57.0	219.0	67.0	72.0	1407.0	95.0	81.0	2793.0	1020.0	53.0	2248.0	118.0	34.0	51.0	46.0	37.0	44.0	53.0	38.0	7542.0	128696.0
C061_S57_L001_R1_001	189.0	72.0	130.0	51.0	149.0	32.0	70.0	1410.0	68.0	67.0	1883.0	387.0	38.0	1066.0	50.0	32.0	35.0	34.0	39.0	17.0	23.0	42.0	4820.0	77332.0
C061_S57_L001_R2_001	187.0	76.0	132.0	52.0	157.0	31.0	70.0	1418.0	69.0	68.0	1878.0	386.0	39.0	1076.0	54.0	32.0	37.0	35.0	39.0	17.0	23.0	43.0	4218.0	77899.0
C062_S58_L001_R1_001	155.0	44.0	100.0	30.0	88.0	36.0	50.0	922.0	46.0	43.0	1375.0	223.0	31.0	714.0	50.0	18.0	18.0	11.0	29.0	17.0	27.0	12.0	3423.0	57017.0
C062_S58_L001_R2_001	154.0	42.0	99.0	32.0	88.0	36.0	51.0	928.0	45.0	44.0	1385.0	230.0	32.0	716.0	52.0	19.0	17.0	10.0	28.0	15.0	29.0	13.0	3103.0	57311.0
C063_S59_L001_R1_001	53.0	28.0	60.0	19.0	48.0	15.0	23.0	546.0	20.0	17.0	596.0	139.0	14.0	315.0	24.0	3.0	16.0	13.0	16.0	7.0	15.0	7.0	1792.0	27942.0
C063_S59_L001_R2_001	54.0	29.0	61.0	19.0	48.0	16.0	24.0	559.0	20.0	15.0	606.0	140.0	15.0	322.0	24.0	3.0	16.0	13.0	16.0	7.0	15.0	7.0	1564.0	28135.0
C064_S60_L001_R1_001	514.0	211.0	301.0	202.0	308.0	193.0	226.0	1849.0	236.0	208.0	2267.0	578.0	203.0	1240.0	194.0	163.0	162.0	162.0	168.0	131.0	165.0	142.0	5402.0	84035.0
C064_S60_L001_R2_001	513.0	211.0	304.0	206.0	305.0	189.0	229.0	1854.0	238.0	209.0	2283.0	581.0	201.0	1237.0	198.0	167.0	166.0	163.0	164.0	130.0	166.0	143.0	4876.0	84527.0
C066_S61_L001_R1_001	280.0	90.0	210.0	64.0	249.0	78.0	99.0	1948.0	125.0	95.0	3054.0	596.0	67.0	1567.0	87.0	23.0	43.0	54.0	59.0	41.0	66.0	54.0	7962.0	118701.0
C066_S61_L001_R2_001	282.0	86.0	217.0	65.0	251.0	81.0	99.0	1978.0	128.0	93.0	3124.0	598.0	62.0	1594.0	91.0	23.0	43.0	56.0	62.0	41.0	63.0	56.0	6926.0	119593.0
C067_S62_L001_R1_001	254.0	95.0	210.0	73.0	220.0	64.0	113.0	2298.0	98.0	90.0	3054.0	605.0	55.0	1226.0	95.0	34.0	26.0	35.0	54.0	37.0	45.0	36.0	6710.0	105921.0
C067_S62_L001_R2_001	251.0	100.0	213.0	74.0	221.0	60.0	115.0	2326.0	100.0	89.0	3094.0	609.0	58.0	1243.0	97.0	34.0	27.0	36.0	54.0	39.0	44.0	36.0	5773.0	106755.0
C068_S63_L001_R1_001	274.0	108.0	248.0	84.0	265.0	74.0	103.0	2747.0	115.0	134.0	3919.0	678.0	53.0	1972.0	105.0	29.0	51.0	45.0	82.0	60.0	75.0	60.0	9298.0	146358.0
C068_S63_L001_R2_001	281.0	113.0	252.0	79.0	259.0	73.0	102.0	2784.0	115.0	138.0	3991.0	690.0	55.0	2010.0	106.0	28.0	51.0	45.0	83.0	61.0	74.0	59.0	8104.0	147384.0
C069_S64_L001_R1_001	180.0	95.0	172.0	53.0	196.0	72.0	90.0	2044.0	78.0	68.0	2436.0	499.0	49.0	1272.0	86.0	24.0	34.0	44.0	32.0	32.0	36.0	48.0	5786.0	91147.0
C069_S64_L001_R2_001	182.0	97.0	181.0	53.0	199.0	75.0	88.0	2076.0	82.0	67.0	2477.0	505.0	51.0	1273.0	88.0	20.0	34.0	41.0	31.0	33.0	36.0	48.0	5149.0	91687.0
C070_S65_L001_R1_001	155.0	76.0	141.0	75.0	183.0	53.0	87.0	1766.0	84.0	97.0	2180.0	435.0	54.0	1131.0	82.0	28.0	41.0	44.0	34.0	32.0	53.0	31.0	5607.0	87775.0
C070_S65_L001_R2_001	157.0	78.0	144.0	73.0	183.0	57.0	86.0	1784.0	86.0	99.0	2226.0	451.0	56.0	1150.0	85.0	28.0	41.0	45.0	34.0	32.0	55.0	31.0	5003.0	88260.0
C071_S66_L001_R1_001	244.0	99.0	192.0	60.0	217.0	54.0	99.0	2341.0	87.0	79.0	2844.0	517.0	47.0	1364.0	101.0	26.0	44.0	34.0	48.0	29.0	59.0	34.0	6958.0	105191.0
C071_S66_L001_R2_001	244.0	101.0	195.0	57.0	213.0	54.0	99.0	2376.0	87.0	82.0	2896.0	528.0	49.0	1392.0	101.0	24.0	43.0	33.0	48.0	29.0	57.0	33.0	6061.0	105966.0
C072_S67_L001_R1_001	207.0	55.0	138.0	58.0	211.0	64.0	104.0	1529.0	106.0	79.0	2955.0	469.0	58.0	1235.0	106.0	34.0	36.0	52.0	43.0	60.0	83.0	50.0	8377.0	134769.0
C072_S67_L001_R2_001	210.0	56.0	139.0	58.0	204.0	62.0	106.0	1529.0	108.0	75.0	2979.0	469.0	60.0	1235.0	109.0	33.0	37.0	50.0	44.0	59.0	83.0	49.0	7770.0	135354.0
C073_S68_L001_R1_001	1539.0	55.0	37.0	20.0	0.0	0.0	0.0	7.0	0.0	2.0	18.0	2.0	0.0	8.0	2.0	0.0	1.0	2.0	0.0	2.0	1.0	1.0	374.0	3897.0
C073_S68_L001_R2_001	1558.0	57.0	38.0	21.0	1.0	0.0	0.0	6.0	0.0	1.0	13.0	1.0	0.0	5.0	1.0	0.0	1.0	1.0	1.0	1.0	0.0	2.0	333.0	3927.0
C074_S69_L001_R1_001	235.0	86.0	201.0	61.0	205.0	74.0	104.0	2376.0	131.0	110.0	3194.0	636.0	93.0	1579.0	126.0	37.0	48.0	55.0	54.0	41.0	77.0	56.0	8369.0	134028.0
C074_S69_L001_R2_001	234.0	90.0	198.0	64.0	207.0	74.0	106.0	2416.0	128.0	110.0	3249.0	652.0	92.0	1602.0	123.0	37.0	48.0	53.0	56.0	41.0	78.0	57.0	7316.0	134945.0
C075_S70_L001_R1_001	222.0	92.0	150.0	51.0	206.0	60.0	89.0	1711.0	72.0	78.0	2265.0	492.0	49.0	1272.0	85.0	27.0	40.0	37.0	39.0	29.0	36.0	46.0	6159.0	93955.0
C075_S70_L001_R2_001	225.0	89.0	147.0	53.0	205.0	60.0	90.0	1700.0	74.0	80.0	2255.0	487.0	49.0	1258.0	82.0	26.0	41.0	36.0	36.0	29.0	36.0	46.0	5409.0	94749.0
