Sample	FastQC_mqc-generalstats-fastqc-percent_duplicates	FastQC_mqc-generalstats-fastqc-percent_gc	FastQC_mqc-generalstats-fastqc-avg_sequence_length	FastQC_mqc-generalstats-fastqc-percent_fails	FastQC_mqc-generalstats-fastqc-total_sequences
C001_S1_L001_R1_001	93.823360902587	35.0	145.46043102055208	36.36363636363637	136142.0
C001_S1_L001_R2_001	92.66280795052225	35.0	145.4793010239309	36.36363636363637	136142.0
C002_S2_L001_R1_001	95.10622061393792	35.0	146.005653611665	36.36363636363637	121869.0
C002_S2_L001_R2_001	94.20279152204417	35.0	145.97863279422987	36.36363636363637	121869.0
C003_S3_L001_R1_001	95.00521725434606	35.0	145.94562242828735	36.36363636363637	101586.0
C003_S3_L001_R2_001	93.59754296851928	35.0	145.89692477309865	36.36363636363637	101586.0
C004_S4_L001_R1_001	95.41776020502559	35.0	145.95086786401978	36.36363636363637	145933.0
C004_S4_L001_R2_001	93.93420268205273	35.0	145.89331405508008	36.36363636363637	145933.0
C005_S5_L001_R1_001	94.91699179871009	36.0	145.9108706903416	36.36363636363637	100472.0
C005_S5_L001_R2_001	93.92865674018633	36.0	145.8938709292141	36.36363636363637	100472.0
C006_S6_L001_R1_001	87.97755978311969	36.0	143.3521484313787	36.36363636363637	95721.0
C006_S6_L001_R2_001	86.29349881426228	36.0	143.3170673102036	36.36363636363637	95721.0
C007_S7_L001_R1_001	95.56472923297356	36.0	146.20190963862495	36.36363636363637	170294.0
C007_S7_L001_R2_001	94.75906373683159	36.0	146.1869472794109	36.36363636363637	170294.0
C008_S8_L001_R1_001	95.11534015986456	35.0	145.85546258160093	36.36363636363637	122854.0
C008_S8_L001_R2_001	93.90414638514008	35.0	145.80786136389534	36.36363636363637	122854.0
C009_S9_L001_R1_001	98.08106567083753	35.0	146.06306179863282	36.36363636363637	1595990.0
C009_S9_L001_R2_001	96.996472408975	35.0	146.01907656063008	36.36363636363637	1595990.0
C010_S10_L001_R1_001	95.23709116270771	35.0	145.84584816758172	36.36363636363637	123307.0
C010_S10_L001_R2_001	93.93140697608408	35.0	145.8028984566975	36.36363636363637	123307.0
C011_S11_L001_R1_001	94.84784696817968	35.0	146.12551347816313	36.36363636363637	97862.0
C011_S11_L001_R2_001	93.05552717091415	35.0	146.10943982342482	36.36363636363637	97862.0
C012_S12_L001_R1_001	77.53628329746391	37.0	139.5868315871627	36.36363636363637	126849.0
C012_S12_L001_R2_001	76.97813936254917	37.0	139.51604663812878	36.36363636363637	126849.0
C013_S13_L001_R1_001	72.9975712984365	37.0	137.30906623573722	36.36363636363637	610154.0
C013_S13_L001_R2_001	72.1673271083354	37.0	137.3060948547416	36.36363636363637	610154.0
C014_S14_L001_R1_001	95.3819708175095	35.0	146.45830901459124	36.36363636363637	125075.0
C014_S14_L001_R2_001	93.32560463721767	35.0	146.43153308015192	36.36363636363637	125075.0
C016_S15_L001_R1_001	96.0379673740436	35.0	146.4176627688754	36.36363636363637	138540.0
C016_S15_L001_R2_001	94.58712285260575	35.0	146.3308791684712	36.36363636363637	138540.0
C017_S16_L001_R1_001	95.17694904978823	35.0	145.64741544083594	36.36363636363637	118763.0
C017_S16_L001_R2_001	94.0621237254027	35.0	145.59393918981502	36.36363636363637	118763.0
C018_S17_L001_R1_001	95.46555827915734	35.0	145.96047461721554	36.36363636363637	140745.0
C018_S17_L001_R2_001	94.20867526377491	35.0	145.94413300650112	36.36363636363637	140745.0
C020_S18_L001_R1_001	96.23221487788483	35.0	146.14966810441408	36.36363636363637	285632.0
C020_S18_L001_R2_001	95.4371358951378	35.0	146.13681240197178	36.36363636363637	285632.0
C021_S19_L001_R1_001	95.29429089716386	35.0	145.896521256016	36.36363636363637	149393.0
C021_S19_L001_R2_001	94.23266150355104	35.0	145.85149906622132	36.36363636363637	149393.0
C022_S20_L001_R1_001	95.69340310319691	35.0	145.93026918671248	36.36363636363637	153648.0
C022_S20_L001_R2_001	94.4073466625013	35.0	145.84640867437258	36.36363636363637	153648.0
C023_S21_L001_R1_001	95.61840718122103	35.0	145.40127380588495	36.36363636363637	160307.0
C023_S21_L001_R2_001	94.70890229372392	35.0	145.35787582575932	36.36363636363637	160307.0
C026_S22_L001_R1_001	95.38373666956161	34.0	146.36587407772535	36.36363636363637	127809.0
C026_S22_L001_R2_001	93.76334999882637	34.0	146.34694739807057	36.36363636363637	127809.0
C027_S23_L001_R1_001	94.77632142937713	35.0	146.32058339161233	36.36363636363637	88654.0
C027_S23_L001_R2_001	93.84009745753153	35.0	146.30093396801047	36.36363636363637	88654.0
C028_S24_L001_R1_001	94.1405429450506	35.0	146.24774802604753	36.36363636363637	80929.0
C028_S24_L001_R2_001	92.99880141852735	35.0	146.19250206971543	36.36363636363637	80929.0
C029_S25_L001_R1_001	95.4523675888787	35.0	146.00142370189872	36.36363636363637	146098.0
C029_S25_L001_R2_001	94.35310544976659	35.0	145.97140960177416	36.36363636363637	146098.0
C030_S26_L001_R1_001	95.12999803033287	35.0	145.88227956142077	36.36363636363637	121848.0
C030_S26_L001_R2_001	93.67326505153963	35.0	145.93253069397937	36.36363636363637	121848.0
C031_S27_L001_R1_001	95.47220723151646	35.0	145.92998226813663	36.36363636363637	129710.0
C031_S27_L001_R2_001	94.38747976254722	35.0	145.8924678128132	36.36363636363637	129710.0
C032_S28_L001_R1_001	95.33937655634908	35.0	146.65201883644673	36.36363636363637	121679.0
C032_S28_L001_R2_001	93.83788492673345	35.0	146.61078739963347	36.36363636363637	121679.0
C033_S29_L001_R1_001	96.24240596320394	35.0	146.08184755913655	36.36363636363637	232090.0
C033_S29_L001_R2_001	95.26907665129906	35.0	146.02445602998836	36.36363636363637	232090.0
C034_S30_L001_R1_001	95.15855942809	35.0	145.99739074245238	36.36363636363637	122257.0
C034_S30_L001_R2_001	94.5303745388812	35.0	145.90539601004443	36.36363636363637	122257.0
C035_S31_L001_R1_001	95.40530497913451	35.0	146.12284913965587	36.36363636363637	139944.0
C035_S31_L001_R2_001	94.60141199336877	35.0	146.09844652146572	36.36363636363637	139944.0
C036_S32_L001_R1_001	95.56685051007534	35.0	145.9877005154825	36.36363636363637	138705.0
C036_S32_L001_R2_001	94.21073501315742	35.0	145.90362279658268	36.36363636363637	138705.0
C037_S33_L001_R1_001	95.43400806546337	35.0	145.65861164402332	36.36363636363637	127705.0
C037_S33_L001_R2_001	94.64547198621824	35.0	145.60883285697506	36.36363636363637	127705.0
C038_S34_L001_R1_001	94.91303189854746	35.0	145.68778554014463	36.36363636363637	97622.0
C038_S34_L001_R2_001	93.71760463829874	35.0	145.69203663108726	36.36363636363637	97622.0
C039_S35_L001_R1_001	95.65102589192799	35.0	146.56285044188684	36.36363636363637	128766.0
C039_S35_L001_R2_001	93.82911638165353	35.0	146.59893916095865	36.36363636363637	128766.0
C040_S36_L001_R1_001	95.54248939994785	35.0	145.9668002250367	36.36363636363637	145754.0
C040_S36_L001_R2_001	94.07769255046173	35.0	145.9495176804753	36.36363636363637	145754.0
C041_S37_L001_R1_001	96.06999644180756	35.0	145.77314724120146	36.36363636363637	250127.0
C041_S37_L001_R2_001	95.15246254902509	35.0	145.68724288061665	36.36363636363637	250127.0
C042_S38_L001_R1_001	95.52895640301693	35.0	145.8942948794422	36.36363636363637	150882.0
C042_S38_L001_R2_001	94.52883710449225	35.0	145.82211264431808	36.36363636363637	150882.0
C043_S39_L001_R1_001	94.51711571000911	35.0	145.6272289470259	36.36363636363637	92196.0
C043_S39_L001_R2_001	93.49104082606621	35.0	145.6034860514556	36.36363636363637	92196.0
C044_S40_L001_R1_001	94.84325728065294	35.0	145.69885611822173	36.36363636363637	80865.0
C044_S40_L001_R2_001	93.96525072651951	35.0	145.61976133061276	36.36363636363637	80865.0
C045_S41_L001_R1_001	63.793300441443776	38.0	135.21721111399637	36.36363636363637	96275.0
C045_S41_L001_R2_001	62.837704492339654	38.0	135.03234484549466	36.36363636363637	96275.0
C046_S42_L001_R1_001	95.4636080212463	35.0	145.66433932489127	36.36363636363637	129905.0
C046_S42_L001_R2_001	94.51060390285208	35.0	145.62297833031832	36.36363636363637	129905.0
C047_S43_L001_R1_001	95.69532283433475	35.0	146.0507137169219	36.36363636363637	151951.0
C047_S43_L001_R2_001	94.87927029108067	35.0	146.04579765845568	36.36363636363637	151951.0
C048_S44_L001_R1_001	95.65386508809569	35.0	145.86364161252484	36.36363636363637	164537.0
C048_S44_L001_R2_001	94.52645909430706	35.0	145.81807739292682	36.36363636363637	164537.0
C049_S45_L001_R1_001	92.38754325259515	32.0	148.38681478783465	36.36363636363637	5491.0
C049_S45_L001_R2_001	89.43726097250045	33.0	148.37370242214533	36.36363636363637	5491.0
C050_S46_L001_R1_001	94.55261411657877	35.0	145.68743233332168	36.36363636363637	114532.0
C050_S46_L001_R2_001	93.10061816784828	35.0	145.6934917752244	36.36363636363637	114532.0
C051_S47_L001_R1_001	95.3975122947954	35.0	145.85624606683086	36.36363636363637	128713.0
C051_S47_L001_R2_001	94.10937512139411	35.0	145.8203134104558	36.36363636363637	128713.0
C052_S48_L001_R1_001	95.00426589509607	35.0	145.8972846650345	36.36363636363637	107832.0
C052_S48_L001_R2_001	93.65030788634172	35.0	145.8407522813265	36.36363636363637	107832.0
C053_S49_L001_R1_001	96.0477760857989	35.0	146.08438822507264	36.36363636363637	214082.0
C053_S49_L001_R2_001	94.99070449640791	35.0	146.13252865724348	36.36363636363637	214082.0
C054_S50_L001_R1_001	95.2175747098866	35.0	145.64238509193473	36.36363636363637	120901.0
C054_S50_L001_R2_001	94.26307474710714	35.0	145.64308814650002	36.36363636363637	120901.0
C055_S51_L001_R1_001	93.67450465957431	36.0	145.73643263901	36.36363636363637	131879.0
C055_S51_L001_R2_001	92.98144511256531	36.0	145.6909363886593	36.36363636363637	131879.0
C056_S52_L001_R1_001	95.21914670600567	35.0	146.14870530688304	36.36363636363637	103036.0
C056_S52_L001_R2_001	93.76237431577313	35.0	146.12498544198144	36.36363636363637	103036.0
C057_S53_L001_R1_001	95.05663491110944	35.0	145.72090830180997	36.36363636363637	186634.0
C057_S53_L001_R2_001	93.5333326189226	36.0	145.70667723994555	36.36363636363637	186634.0
C058_S54_L001_R1_001	95.26486555944618	35.0	145.8816698255646	36.36363636363637	124516.0
C058_S54_L001_R2_001	94.03048604195445	35.0	145.8626923447589	36.36363636363637	124516.0
C059_S55_L001_R1_001	95.57182781256093	35.0	146.2329339890379	36.36363636363637	138477.0
C059_S55_L001_R2_001	94.27775009568376	35.0	146.2064530571864	36.36363636363637	138477.0
C060_S56_L001_R1_001	95.45181947900655	34.0	146.97939601155312	36.36363636363637	145069.0
C060_S56_L001_R2_001	94.83142504601258	35.0	146.938918721436	36.36363636363637	145069.0
C061_S57_L001_R1_001	94.81802898814121	35.0	146.27197964469082	36.36363636363637	88036.0
C061_S57_L001_R2_001	93.79571993275478	35.0	146.27207051660685	36.36363636363637	88036.0
C062_S58_L001_R1_001	94.5687743296267	35.0	146.54012934443773	36.36363636363637	64479.0
C062_S58_L001_R2_001	93.0287380387413	35.0	146.53580235425488	36.36363636363637	64479.0
C063_S59_L001_R1_001	93.28038325769037	35.0	146.4813098840141	36.36363636363637	31728.0
C063_S59_L001_R2_001	91.68557740796773	36.0	146.43173222390317	36.36363636363637	31728.0
C064_S60_L001_R1_001	89.09026798307475	36.0	144.11278460608503	36.36363636363637	99260.0
C064_S60_L001_R2_001	88.36893008261133	36.0	144.1121096111223	36.36363636363637	99260.0
C066_S61_L001_R1_001	95.48638763531251	35.0	146.33600271362417	36.36363636363637	135612.0
C066_S61_L001_R2_001	94.11925198360026	35.0	146.29679526885528	36.36363636363637	135612.0
C067_S62_L001_R1_001	95.43178973717147	35.0	145.8073002437257	36.36363636363637	121448.0
C067_S62_L001_R2_001	94.19257624662407	35.0	145.7823595283578	36.36363636363637	121448.0
C068_S63_L001_R1_001	95.79721691416522	35.0	146.24957918256587	36.36363636363637	166937.0
C068_S63_L001_R2_001	94.95618107429749	35.0	146.21207401594614	36.36363636363637	166937.0
C069_S64_L001_R1_001	95.00827173362148	35.0	145.82400810916775	36.36363636363637	104573.0
C069_S64_L001_R2_001	93.87126696183527	35.0	145.77672056840674	36.36363636363637	104573.0
C070_S65_L001_R1_001	94.45353337855633	35.0	146.1572562946411	36.36363636363637	100244.0
C070_S65_L001_R2_001	93.13076094329836	35.0	146.10498383943178	36.36363636363637	100244.0
C071_S66_L001_R1_001	95.28517488076312	35.0	145.9045856518283	36.36363636363637	120768.0
C071_S66_L001_R2_001	93.95121224165342	35.0	145.86715851881294	36.36363636363637	120768.0
C072_S67_L001_R1_001	95.64416283354764	35.0	147.391183605297	36.36363636363637	150878.0
C072_S67_L001_R2_001	93.96399740187437	35.0	147.39754636196133	36.36363636363637	150878.0
C073_S68_L001_R1_001	91.23659517426273	41.0	118.93582439678285	54.54545454545454	5968.0
C073_S68_L001_R2_001	25.619973190348517	41.0	118.63924262734585	54.54545454545454	5968.0
C074_S69_L001_R1_001	95.45651945043954	35.0	146.5626743696373	36.36363636363637	151976.0
C074_S69_L001_R2_001	94.41490761699215	35.0	146.5310443754277	36.36363636363637	151976.0
C075_S70_L001_R1_001	95.1548544684977	35.0	146.27071096940202	36.36363636363637	107262.0
C075_S70_L001_R2_001	93.79276910741922	35.0	146.32246275475006	36.36363636363637	107262.0
